18 0.16845703125 0.2766927083333333 0.0537109375 0.14973958333333334
15 0.2337646484375 0.2693684895833333 0.064697265625 0.12858072916666666
7 0.2996826171875 0.2685546875 0.059814453125 0.126953125
24 0.3619384765625 0.27587890625 0.052490234375 0.14811197916666666
21 0.41748046875 0.283203125 0.0537109375 0.14322916666666666
6 0.52978515625 0.2718098958333333 0.048828125 0.11393229166666667
7 0.58837890625 0.2775065104166667 0.0537109375 0.10904947916666667
15 0.654296875 0.2775065104166667 0.06103515625 0.1220703125
10 0.714111328125 0.2799479166666667 0.05615234375 0.13346354166666666
24 0.771484375 0.29541015625 0.048828125 0.1513671875
26 0.830078125 0.3019205729166667 0.05615234375 0.15787760416666666
21 0.8917236328125 0.3076171875 0.062255859375 0.16927083333333334