24 0.3580729166666667 0.726318359375 0.09114583333333333 0.03662109375
6 0.3369140625 0.694580078125 0.052083333333333336 0.02685546875
8 0.3409830729166667 0.6463623046875 0.0439453125 0.032958984375
14 0.3507486979166667 0.604248046875 0.0634765625 0.03662109375
6 0.3426106770833333 0.572509765625 0.060221354166666664 0.029296875
9 0.35400390625 0.482177734375 0.060221354166666664 0.03662109375
10 0.3556315104166667 0.44189453125 0.0634765625 0.0439453125
26 0.3653971354166667 0.364990234375 0.06673177083333333 0.0390625
15 0.3580729166666667 0.325927734375 0.055338541666666664 0.0390625
17 0.3743489583333333 0.29052734375 0.08463541666666667 0.03662109375
26 0.3759765625 0.2099609375 0.09765625 0.0341796875
21 0.3767903645833333 0.1715087890625 0.08951822916666667 0.030517578125
17 0.3816731770833333 0.14404296875 0.10904947916666667 0.029296875