14 0.2215576171875 0.2685546875 0.042724609375 0.09765625
15 0.267333984375 0.2677408854166667 0.03662109375 0.09928385416666667
22 0.311279296875 0.2669270833333333 0.05126953125 0.14322916666666666
21 0.3546142578125 0.2783203125 0.037841796875 0.11067708333333333
6 0.3924560546875 0.2693684895833333 0.028076171875 0.08951822916666667
18 0.43212890625 0.2742513020833333 0.0439453125 0.12858072916666666
10 0.4840087890625 0.2693684895833333 0.047607421875 0.1123046875
24 0.5242919921875 0.2726236979166667 0.037841796875 0.13509114583333334
13 0.570068359375 0.2766927083333333 0.048828125 0.12044270833333333
10 0.6146240234375 0.2791341145833333 0.035400390625 0.11881510416666667
20 0.654296875 0.27587890625 0.0390625 0.11881510416666667
15 0.6964111328125 0.27099609375 0.037841796875 0.1025390625
8 0.7366943359375 0.2734375 0.037841796875 0.12044270833333333
6 0.7763671875 0.27587890625 0.0341796875 0.10579427083333333
25 0.8184814453125 0.27587890625 0.045166015625 0.1123046875