12 0.177001953125 0.3108723958333333 0.0439453125 0.10091145833333333
27 0.224609375 0.3165690104166667 0.04638671875 0.10904947916666667
24 0.2716064453125 0.31494140625 0.040283203125 0.10904947916666667
15 0.3204345703125 0.3116861979166667 0.040283203125 0.10579427083333333
6 0.360107421875 0.3108723958333333 0.029296875 0.10416666666666667
20 0.4583740234375 0.3255208333333333 0.040283203125 0.11393229166666667
21 0.50048828125 0.322265625 0.0390625 0.12044270833333333
8 0.546875 0.31982421875 0.04150390625 0.10904947916666667
26 0.5963134765625 0.3214518229166667 0.042724609375 0.11555989583333333
27 0.631103515625 0.3165690104166667 0.04638671875 0.11881510416666667
24 0.6787109375 0.31494140625 0.04150390625 0.10579427083333333
20 0.72509765625 0.3190104166666667 0.0390625 0.10416666666666667
6 0.7666015625 0.3125 0.03662109375 0.11067708333333333
20 0.17333984375 0.4191080729166667 0.04638671875 0.0830078125
21 0.2252197265625 0.42236328125 0.045166015625 0.08951822916666667
8 0.2691650390625 0.4166666666666667 0.040283203125 0.08463541666666667
14 0.318603515625 0.419921875 0.04638671875 0.09765625
10 0.3656005859375 0.4215494791666667 0.045166015625 0.087890625
10 0.4534912109375 0.4215494791666667 0.045166015625 0.08463541666666667
25 0.5010986328125 0.4256184895833333 0.040283203125 0.08626302083333333
26 0.548095703125 0.4264322916666667 0.0439453125 0.09114583333333333
24 0.5914306640625 0.4280598958333333 0.040283203125 0.09114583333333333
10 0.635986328125 0.4248046875 0.0439453125 0.09114583333333333
18 0.6732177734375 0.4288736979166667 0.030517578125 0.1123046875
18 0.71533203125 0.43212890625 0.0390625 0.11555989583333333
6 0.7611083984375 0.4256184895833333 0.037841796875 0.1025390625
9 0.814208984375 0.4329427083333333 0.0439453125 0.10091145833333333
6 0.8563232421875 0.42724609375 0.040283203125 0.10904947916666667