26 0.17333984375 0.283203125 0.04638671875 0.10091145833333333
24 0.2203369140625 0.2840169270833333 0.040283203125 0.1025390625
6 0.262451171875 0.2775065104166667 0.0341796875 0.10904947916666667
9 0.3167724609375 0.2848307291666667 0.047607421875 0.12044270833333333
27 0.3668212890625 0.2888997395833333 0.045166015625 0.09928385416666667
8 0.413818359375 0.2864583333333333 0.0390625 0.10416666666666667
26 0.4583740234375 0.2937825520833333 0.042724609375 0.11881510416666667
21 0.5029296875 0.2962239583333333 0.03662109375 0.11067708333333333
24 0.552978515625 0.2945963541666667 0.05126953125 0.11393229166666667
7 0.6365966796875 0.3043619791666667 0.037841796875 0.107421875
24 0.6805419921875 0.3019205729166667 0.047607421875 0.12532552083333334
6 0.72509765625 0.2888997395833333 0.03173828125 0.10904947916666667
15 0.767822265625 0.2913411458333333 0.04150390625 0.107421875
18 0.8135986328125 0.2937825520833333 0.032958984375 0.09928385416666667
18 0.8489990234375 0.2897135416666667 0.030517578125 0.09114583333333333
10 0.894775390625 0.2823893229166667 0.048828125 0.09602864583333333