6 0.0732421875 0.2823893229166667 0.03173828125 0.0537109375
7 0.1141357421875 0.2888997395833333 0.037841796875 0.06998697916666667
8 0.1641845703125 0.2880859375 0.035400390625 0.07486979166666667
9 0.205078125 0.29052734375 0.0341796875 0.07649739583333333
10 0.247802734375 0.29052734375 0.0341796875 0.07649739583333333
12 0.2886962890625 0.2970377604166667 0.035400390625 0.07975260416666667
13 0.3240966796875 0.2970377604166667 0.035400390625 0.08951822916666667
14 0.36376953125 0.2962239583333333 0.0341796875 0.09765625
15 0.40283203125 0.30029296875 0.0341796875 0.0927734375
16 0.4449462890625 0.3068033854166667 0.035400390625 0.1025390625
17 0.47119140625 0.3092447916666667 0.02685546875 0.10416666666666667
18 0.5059814453125 0.3043619791666667 0.023193359375 0.11067708333333333
19 0.5474853515625 0.2986653645833333 0.040283203125 0.10579427083333333
20 0.5859375 0.3043619791666667 0.03173828125 0.09440104166666667
21 0.6207275390625 0.3019205729166667 0.030517578125 0.09602864583333333
22 0.6536865234375 0.2970377604166667 0.028076171875 0.08626302083333333
23 0.689697265625 0.302734375 0.03173828125 0.10416666666666667
24 0.7232666015625 0.3092447916666667 0.028076171875 0.10091145833333333
25 0.7568359375 0.3076171875 0.029296875 0.10091145833333333
26 0.792236328125 0.3076171875 0.03173828125 0.09440104166666667
27 0.8233642578125 0.3116861979166667 0.030517578125 0.09928385416666667
28 0.8538818359375 0.3108723958333333 0.032958984375 0.09440104166666667
29 0.8892822265625 0.30517578125 0.030517578125 0.0830078125
30 0.919189453125 0.3059895833333333 0.02685546875 0.08138020833333333
31 0.948486328125 0.3035481770833333 0.03173828125 0.08951822916666667
32 0.9814453125 0.3059895833333333 0.03173828125 0.09114583333333333