15 0.6534830729166666 0.0994873046875 0.07975260416666667 0.032958984375
20 0.6510416666666666 0.130615234375 0.07161458333333333 0.03662109375
26 0.6486002604166666 0.164794921875 0.060221354166666664 0.03173828125
10 0.6437174479166666 0.1953125 0.056966145833333336 0.03173828125
18 0.64697265625 0.2288818359375 0.060221354166666664 0.032958984375
15 0.654296875 0.264892578125 0.06510416666666667 0.03662109375
13 0.654296875 0.2996826171875 0.07161458333333333 0.037841796875
10 0.6437174479166666 0.3350830078125 0.0537109375 0.030517578125
19 0.63720703125 0.36865234375 0.060221354166666664 0.0341796875
8 0.6437174479166666 0.4034423828125 0.050455729166666664 0.030517578125
7 0.6477864583333334 0.43212890625 0.068359375 0.02685546875
6 0.6526692708333334 0.4595947265625 0.068359375 0.032958984375
6 0.6404622395833334 0.5267333984375 0.0830078125 0.032958984375
24 0.6315104166666666 0.5645751953125 0.068359375 0.037841796875
26 0.62255859375 0.5999755859375 0.0634765625 0.025634765625
15 0.6282552083333334 0.6317138671875 0.042317708333333336 0.032958984375
12 0.6290690104166666 0.66650390625 0.0537109375 0.03173828125
15 0.6241861979166666 0.6982421875 0.0537109375 0.03173828125
8 0.62255859375 0.731201171875 0.0537109375 0.0390625
15 0.6201171875 0.7684326171875 0.045572916666666664 0.032958984375
6 0.625 0.7940673828125 0.045572916666666664 0.030517578125
18 0.6136067708333334 0.823974609375 0.06510416666666667 0.02685546875