16 0.0933837890625 0.3694661458333333 0.040283203125 0.08463541666666667
27 0.130615234375 0.3800455729166667 0.03662109375 0.10579427083333333
18 0.1666259765625 0.3849283854166667 0.035400390625 0.10904947916666667
15 0.2044677734375 0.37353515625 0.035400390625 0.10579427083333333
21 0.2435302734375 0.380859375 0.037841796875 0.10416666666666667
10 0.3173828125 0.3743489583333333 0.03662109375 0.09765625
25 0.3564453125 0.380859375 0.04150390625 0.10091145833333333
27 0.4205322265625 0.3792317708333333 0.035400390625 0.107421875
20 0.457763671875 0.3824869791666667 0.0390625 0.107421875
19 0.5303955078125 0.3865559895833333 0.037841796875 0.0927734375
10 0.5712890625 0.3873697916666667 0.03173828125 0.09765625
25 0.60302734375 0.3898111979166667 0.0341796875 0.1025390625
18 0.670166015625 0.3898111979166667 0.02685546875 0.09928385416666667
18 0.703125 0.38818359375 0.02197265625 0.1025390625
27 0.743408203125 0.3914388020833333 0.0390625 0.1025390625
28 0.77880859375 0.3865559895833333 0.0390625 0.09602864583333333
15 0.81787109375 0.3857421875 0.0341796875 0.087890625
21 0.8538818359375 0.38818359375 0.035400390625 0.1025390625
25 0.8856201171875 0.3889973958333333 0.030517578125 0.107421875
21 0.927734375 0.3995768229166667 0.048828125 0.12532552083333334