10 0.152587890625 0.5997721354166666 0.03662109375 0.10579427083333333
18 0.1861572265625 0.6005859375 0.028076171875 0.11393229166666667
25 0.264892578125 0.5843098958333334 0.05126953125 0.126953125
21 0.313720703125 0.5965169270833334 0.0390625 0.12858072916666666
18 0.3485107421875 0.59814453125 0.037841796875 0.11881510416666667
10 0.435791015625 0.5908203125 0.03662109375 0.10416666666666667
25 0.474853515625 0.5948893229166666 0.0341796875 0.10904947916666667
24 0.5474853515625 0.5924479166666666 0.040283203125 0.11067708333333333
6 0.58349609375 0.595703125 0.03662109375 0.09114583333333333
9 0.623779296875 0.5891927083333334 0.0341796875 0.09114583333333333
15 0.660400390625 0.5908203125 0.0341796875 0.10416666666666667
6 0.6964111328125 0.5891927083333334 0.032958984375 0.107421875
20 0.73486328125 0.5924479166666666 0.03662109375 0.11067708333333333
26 0.7733154296875 0.5940755208333334 0.032958984375 0.12044270833333333
10 0.80810546875 0.5948893229166666 0.0439453125 0.1025390625