10 0.1409912109375 0.4052734375 0.030517578125 0.07486979166666667
18 0.16845703125 0.41015625 0.029296875 0.08463541666666667
8 0.2459716796875 0.3995768229166667 0.035400390625 0.07649739583333333
21 0.2825927734375 0.4044596354166667 0.028076171875 0.07649739583333333
20 0.3173828125 0.40771484375 0.0341796875 0.07649739583333333
10 0.3533935546875 0.4060872395833333 0.035400390625 0.06998697916666667
16 0.3912353515625 0.4069010416666667 0.032958984375 0.07486979166666667
21 0.423583984375 0.4052734375 0.03173828125 0.078125
8 0.489501953125 0.4044596354166667 0.0341796875 0.0634765625
21 0.52490234375 0.40771484375 0.02685546875 0.0732421875
19 0.556640625 0.4020182291666667 0.02685546875 0.068359375
10 0.5914306640625 0.400390625 0.035400390625 0.078125
32 0.655517578125 0.39794921875 0.03662109375 0.06998697916666667
6 0.6842041015625 0.3914388020833333 0.020751953125 0.0634765625
20 0.7208251953125 0.39306640625 0.032958984375 0.06673177083333333
6 0.7489013671875 0.3955078125 0.032958984375 0.07486979166666667
14 0.7855224609375 0.390625 0.030517578125 0.068359375
21 0.8154296875 0.3922526041666667 0.03173828125 0.07161458333333333
24 0.845947265625 0.3865559895833333 0.03173828125 0.06673177083333333
15 0.8782958984375 0.3873697916666667 0.020751953125 0.06510416666666667
6 0.9039306640625 0.3849283854166667 0.028076171875 0.06673177083333333