10 0.125732421875 0.2693684895833333 0.05126953125 0.09928385416666667
8 0.17578125 0.26611328125 0.048828125 0.07975260416666667
21 0.2294921875 0.2791341145833333 0.048828125 0.08626302083333333
10 0.335693359375 0.2693684895833333 0.05126953125 0.0927734375
20 0.391845703125 0.2734375 0.04638671875 0.09114583333333333
18 0.4779052734375 0.2726236979166667 0.018310546875 0.09928385416666667
6 0.526123046875 0.24820963541666666 0.04638671875 0.047200520833333336
8 0.6329345703125 0.2555338541666667 0.050048828125 0.078125
21 0.684814453125 0.2701822916666667 0.0439453125 0.08138020833333333
8 0.731201171875 0.25634765625 0.04150390625 0.06673177083333333
15 0.7769775390625 0.25390625 0.032958984375 0.068359375
20 0.8221435546875 0.263671875 0.042724609375 0.08138020833333333
6 0.863037109375 0.2490234375 0.0341796875 0.055338541666666664