22 0.6388346354166666 0.0994873046875 0.06673177083333333 0.040283203125
6 0.6510416666666666 0.133056640625 0.035807291666666664 0.029296875
24 0.6331380208333334 0.17578125 0.068359375 0.048828125
6 0.654296875 0.2142333984375 0.042317708333333336 0.025634765625
20 0.6298828125 0.25634765625 0.07161458333333333 0.0439453125
13 0.6412760416666666 0.29541015625 0.0390625 0.0341796875
6 0.6494140625 0.3271484375 0.022786458333333332 0.03173828125
24 0.6306966145833334 0.3704833984375 0.056966145833333336 0.035400390625
15 0.6331380208333334 0.4107666015625 0.055338541666666664 0.028076171875
8 0.6461588541666666 0.4486083984375 0.042317708333333336 0.035400390625
27 0.6201171875 0.482177734375 0.087890625 0.0341796875
26 0.6241861979166666 0.521240234375 0.1025390625 0.03662109375
24 0.6209309895833334 0.5548095703125 0.09928385416666667 0.032958984375
15 0.62255859375 0.587158203125 0.0927734375 0.03662109375
24 0.6241861979166666 0.6256103515625 0.0927734375 0.037841796875
15 0.62744140625 0.6634521484375 0.08951822916666667 0.030517578125
19 0.6282552083333334 0.6976318359375 0.09765625 0.040283203125
15 0.6241861979166666 0.731201171875 0.08951822916666667 0.029296875
8 0.6201171875 0.7635498046875 0.09114583333333333 0.037841796875
27 0.615234375 0.7989501953125 0.087890625 0.030517578125
6 0.625 0.8319091796875 0.09440104166666667 0.030517578125
24 0.6184895833333334 0.86669921875 0.08138020833333333 0.02685546875
21 0.6160481770833334 0.899658203125 0.07975260416666667 0.029296875