18 0.2197265625 0.3328450520833333 0.05859375 0.10579427083333333
6 0.2667236328125 0.3361002604166667 0.037841796875 0.1220703125
22 0.32470703125 0.3458658854166667 0.0537109375 0.1123046875
15 0.3753662109375 0.34423828125 0.037841796875 0.10579427083333333
32 0.4254150390625 0.3401692708333333 0.062255859375 0.13020833333333334
25 0.526123046875 0.3507486979166667 0.0439453125 0.1220703125
15 0.5816650390625 0.3434244791666667 0.047607421875 0.10416666666666667
20 0.6292724609375 0.3450520833333333 0.045166015625 0.10416666666666667
22 0.7293701171875 0.3458658854166667 0.042724609375 0.11881510416666667
27 0.7733154296875 0.3474934895833333 0.050048828125 0.1220703125
20 0.8258056640625 0.3434244791666667 0.042724609375 0.107421875
26 0.8721923828125 0.3434244791666667 0.040283203125 0.11067708333333333
6 0.91064453125 0.3434244791666667 0.0390625 0.1171875