26 0.1470947265625 0.24251302083333334 0.069580078125 0.11393229166666667
10 0.21484375 0.24658203125 0.04638671875 0.1025390625
25 0.31982421875 0.2628580729166667 0.0634765625 0.1318359375
15 0.3839111328125 0.2530924479166667 0.057373046875 0.11881510416666667
20 0.4449462890625 0.25634765625 0.052490234375 0.10579427083333333
6 0.545654296875 0.24007161458333334 0.0537109375 0.0927734375
32 0.6170654296875 0.2669270833333333 0.059814453125 0.10416666666666667
27 0.675048828125 0.2677408854166667 0.0439453125 0.10904947916666667
8 0.7305908203125 0.2579752604166667 0.047607421875 0.1123046875
6 0.7794189453125 0.25146484375 0.037841796875 0.07975260416666667
24 0.841064453125 0.2734375 0.07080078125 0.1171875