19 0.087890625 0.34912109375 0.0537109375 0.1123046875
6 0.1385498046875 0.34912109375 0.037841796875 0.09928385416666667
20 0.1983642578125 0.3523763020833333 0.054931640625 0.11555989583333333
21 0.2508544921875 0.35400390625 0.040283203125 0.10904947916666667
25 0.303955078125 0.3548177083333333 0.0439453125 0.11067708333333333
21 0.4095458984375 0.3507486979166667 0.037841796875 0.09928385416666667
16 0.4559326171875 0.34423828125 0.052490234375 0.1220703125
21 0.51025390625 0.3523763020833333 0.04150390625 0.09928385416666667
25 0.5596923828125 0.3483072916666667 0.045166015625 0.11067708333333333
8 0.6640625 0.3385416666666667 0.0390625 0.09765625
6 0.70556640625 0.3377278645833333 0.0341796875 0.09928385416666667
7 0.74951171875 0.3271484375 0.03173828125 0.087890625
10 0.802001953125 0.33447265625 0.0439453125 0.09602864583333333
32 0.8587646484375 0.3458658854166667 0.040283203125 0.1123046875
6 0.8978271484375 0.3458658854166667 0.045166015625 0.11555989583333333