24 0.2197265625 0.22786458333333334 0.0537109375 0.10091145833333333
10 0.2679443359375 0.21728515625 0.062255859375 0.10904947916666667
18 0.316162109375 0.24088541666666666 0.0341796875 0.13346354166666666
21 0.372314453125 0.24820963541666666 0.048828125 0.1220703125
16 0.4254150390625 0.24251302083333334 0.050048828125 0.13346354166666666
25 0.521240234375 0.24820963541666666 0.05615234375 0.10579427083333333
15 0.5780029296875 0.24332682291666666 0.042724609375 0.08951822916666667
20 0.623779296875 0.25146484375 0.0390625 0.1025390625
22 0.718994140625 0.24576822916666666 0.05615234375 0.11393229166666667
15 0.770263671875 0.24983723958333334 0.03662109375 0.09602864583333333
18 0.806884765625 0.25390625 0.029296875 0.09440104166666667
6 0.855712890625 0.2506510416666667 0.06103515625 0.078125