32 0.2962239583333333 0.8905029296875 0.087890625 0.042724609375
6 0.2726236979166667 0.8526611328125 0.040690104166666664 0.030517578125
22 0.2945963541666667 0.799560546875 0.078125 0.0439453125
6 0.2742513020833333 0.7611083984375 0.047200520833333336 0.025634765625
26 0.2921549479166667 0.7098388671875 0.0927734375 0.045166015625
21 0.29296875 0.665283203125 0.087890625 0.0390625
25 0.2945963541666667 0.6201171875 0.08138020833333333 0.04638671875
10 0.2815755208333333 0.5322265625 0.07486979166666667 0.0341796875
19 0.29052734375 0.489501953125 0.07649739583333333 0.04150390625
18 0.2937825520833333 0.413818359375 0.09602864583333333 0.02685546875
6 0.2693684895833333 0.377197265625 0.040690104166666664 0.02197265625
10 0.2791341145833333 0.28564453125 0.07649739583333333 0.03662109375
20 0.283203125 0.2459716796875 0.07486979166666667 0.037841796875
26 0.2880859375 0.2105712890625 0.09114583333333333 0.037841796875
24 0.2921549479166667 0.1708984375 0.0927734375 0.0439453125
6 0.2677408854166667 0.1385498046875 0.0439453125 0.030517578125
9 0.2766927083333333 0.093994140625 0.06510416666666667 0.0390625
6 0.2652994791666667 0.06591796875 0.045572916666666664 0.02685546875