10 0.1153564453125 0.4158528645833333 0.050048828125 0.07649739583333333
18 0.147705078125 0.4182942708333333 0.03662109375 0.09440104166666667
9 0.2301025390625 0.3971354166666667 0.042724609375 0.11067708333333333
15 0.2703857421875 0.4182942708333333 0.030517578125 0.078125
6 0.306396484375 0.4085286458333333 0.02685546875 0.07486979166666667
10 0.389404296875 0.4150390625 0.0439453125 0.08138020833333333
25 0.4229736328125 0.4142252604166667 0.035400390625 0.0830078125
26 0.458984375 0.4166666666666667 0.0341796875 0.09114583333333333
6 0.48828125 0.4093424479166667 0.029296875 0.07975260416666667
20 0.56396484375 0.41259765625 0.03173828125 0.08626302083333333
27 0.59814453125 0.4191080729166667 0.03662109375 0.09928385416666667
7 0.623779296875 0.4036458333333333 0.02685546875 0.09765625
18 0.6610107421875 0.41259765625 0.032958984375 0.0830078125
6 0.697021484375 0.4020182291666667 0.0341796875 0.07161458333333333
9 0.73486328125 0.40283203125 0.0390625 0.08626302083333333
21 0.7647705078125 0.4150390625 0.032958984375 0.09114583333333333