22 0.174560546875 0.3719075520833333 0.04150390625 0.08951822916666667
6 0.2197265625 0.3653971354166667 0.029296875 0.0634765625
24 0.277099609375 0.3816731770833333 0.04638671875 0.08951822916666667
6 0.316162109375 0.3719075520833333 0.02685546875 0.06673177083333333
8 0.3802490234375 0.3719075520833333 0.037841796875 0.07975260416666667
8 0.4241943359375 0.3727213541666667 0.037841796875 0.08463541666666667
26 0.4705810546875 0.3914388020833333 0.032958984375 0.0927734375
6 0.5072021484375 0.3800455729166667 0.028076171875 0.050455729166666664
19 0.5621337890625 0.3955078125 0.035400390625 0.08463541666666667
21 0.6024169921875 0.400390625 0.040283203125 0.08463541666666667
18 0.643310546875 0.4060872395833333 0.0341796875 0.09928385416666667