10 0.1397705078125 0.3922526041666667 0.042724609375 0.08463541666666667
18 0.1751708984375 0.4052734375 0.020751953125 0.08463541666666667
8 0.2581787109375 0.38818359375 0.032958984375 0.060221354166666664
6 0.2899169921875 0.3841145833333333 0.023193359375 0.048828125
24 0.3289794921875 0.4052734375 0.037841796875 0.08138020833333333
24 0.37109375 0.40771484375 0.0341796875 0.0732421875
21 0.4058837890625 0.41259765625 0.030517578125 0.07975260416666667
10 0.443115234375 0.41259765625 0.02685546875 0.0634765625
25 0.4779052734375 0.4117838541666667 0.028076171875 0.07161458333333333
8 0.5450439453125 0.4060872395833333 0.030517578125 0.06998697916666667
21 0.577392578125 0.41259765625 0.029296875 0.07649739583333333
18 0.604248046875 0.4142252604166667 0.01953125 0.0634765625
21 0.638427734375 0.4109700520833333 0.029296875 0.0732421875
24 0.673828125 0.4109700520833333 0.02685546875 0.06998697916666667
24 0.7366943359375 0.4150390625 0.025634765625 0.078125
21 0.7659912109375 0.4134114583333333 0.025634765625 0.07161458333333333
16 0.7958984375 0.4166666666666667 0.02685546875 0.068359375
21 0.823974609375 0.4182942708333333 0.029296875 0.078125