16 0.1812744140625 0.2840169270833333 0.040283203125 0.0830078125
6 0.2191162109375 0.2921549479166667 0.035400390625 0.08951822916666667
16 0.26123046875 0.2897135416666667 0.05126953125 0.10416666666666667
6 0.2923583984375 0.2799479166666667 0.040283203125 0.087890625
16 0.3375244140625 0.29296875 0.042724609375 0.08138020833333333
6 0.3692626953125 0.2888997395833333 0.025634765625 0.08951822916666667
16 0.4156494140625 0.29541015625 0.045166015625 0.06998697916666667
6 0.44921875 0.283203125 0.02197265625 0.07486979166666667
16 0.4925537109375 0.2978515625 0.035400390625 0.078125
6 0.526123046875 0.2888997395833333 0.029296875 0.07649739583333333
16 0.5718994140625 0.3019205729166667 0.037841796875 0.08951822916666667
6 0.6060791015625 0.29296875 0.025634765625 0.068359375
16 0.64453125 0.30029296875 0.03173828125 0.07975260416666667
6 0.67626953125 0.29052734375 0.03173828125 0.0634765625
16 0.7208251953125 0.302734375 0.032958984375 0.068359375
6 0.753173828125 0.29296875 0.02197265625 0.045572916666666664
16 0.797119140625 0.3035481770833333 0.0390625 0.07649739583333333