10 0.1702880859375 0.4142252604166667 0.040283203125 0.07649739583333333
18 0.2056884765625 0.41748046875 0.023193359375 0.06673177083333333
7 0.29296875 0.4134114583333333 0.029296875 0.068359375
10 0.3399658203125 0.4150390625 0.025634765625 0.06510416666666667
7 0.3741455078125 0.4191080729166667 0.025634765625 0.0732421875
10 0.419921875 0.4239908854166667 0.0341796875 0.06998697916666667
26 0.4876708984375 0.4256184895833333 0.030517578125 0.06673177083333333
15 0.521240234375 0.42724609375 0.02685546875 0.060221354166666664
10 0.5560302734375 0.4280598958333333 0.023193359375 0.07161458333333333
20 0.5853271484375 0.4337565104166667 0.028076171875 0.0732421875
10 0.6195068359375 0.4337565104166667 0.035400390625 0.06998697916666667
14 0.6793212890625 0.43212890625 0.023193359375 0.0634765625
6 0.7012939453125 0.4256184895833333 0.023193359375 0.040690104166666664
19 0.7379150390625 0.4345703125 0.023193359375 0.06510416666666667
7 0.7647705078125 0.4288736979166667 0.018310546875 0.047200520833333336
24 0.79345703125 0.4459635416666667 0.02685546875 0.061848958333333336
10 0.82275390625 0.439453125 0.01953125 0.068359375