18 0.1434326171875 0.3776041666666667 0.025634765625 0.08463541666666667
6 0.17822265625 0.36376953125 0.04150390625 0.056966145833333336
25 0.225830078125 0.3800455729166667 0.03662109375 0.06998697916666667
26 0.306396484375 0.3816731770833333 0.03662109375 0.07649739583333333
15 0.3424072265625 0.3767903645833333 0.028076171875 0.060221354166666664
16 0.3802490234375 0.3751627604166667 0.032958984375 0.0634765625
10 0.4193115234375 0.3767903645833333 0.028076171875 0.056966145833333336
24 0.4534912109375 0.38330078125 0.030517578125 0.07649739583333333
25 0.5224609375 0.37841796875 0.03173828125 0.0634765625
21 0.552978515625 0.380859375 0.03173828125 0.07486979166666667
20 0.5902099609375 0.3767903645833333 0.035400390625 0.07649739583333333
12 0.6500244140625 0.3694661458333333 0.042724609375 0.055338541666666664
15 0.68603515625 0.3662109375 0.0244140625 0.055338541666666664
18 0.716552734375 0.3800455729166667 0.01953125 0.06998697916666667
21 0.7470703125 0.3776041666666667 0.0244140625 0.07486979166666667
25 0.7781982421875 0.3751627604166667 0.025634765625 0.06998697916666667
6 0.799560546875 0.3662109375 0.02197265625 0.05859375
25 0.83251953125 0.3767903645833333 0.0244140625 0.06998697916666667