12 0.1727294921875 0.44189453125 0.059814453125 0.0830078125
18 0.2130126953125 0.4549153645833333 0.032958984375 0.10579427083333333
21 0.2728271484375 0.4524739583333333 0.047607421875 0.107421875
24 0.3302001953125 0.45654296875 0.054931640625 0.1220703125
24 0.377197265625 0.4459635416666667 0.04150390625 0.087890625
25 0.4290771484375 0.4443359375 0.045166015625 0.078125
24 0.51513671875 0.4475911458333333 0.04150390625 0.07486979166666667
21 0.5615234375 0.4451497395833333 0.0390625 0.07975260416666667
25 0.6024169921875 0.43701171875 0.045166015625 0.08951822916666667
6 0.640869140625 0.4288736979166667 0.02685546875 0.050455729166666664
25 0.6890869140625 0.44189453125 0.040283203125 0.07649739583333333