8 0.145263671875 0.42236328125 0.05859375 0.07975260416666667
15 0.203857421875 0.4345703125 0.0390625 0.08138020833333333
10 0.2545166015625 0.4443359375 0.042724609375 0.09765625
20 0.30517578125 0.4508463541666667 0.04150390625 0.087890625
8 0.3533935546875 0.44189453125 0.035400390625 0.0732421875
15 0.406494140625 0.4500325520833333 0.0341796875 0.08951822916666667
6 0.4449462890625 0.4532877604166667 0.035400390625 0.0732421875
25 0.4913330078125 0.4646809895833333 0.035400390625 0.06998697916666667
20 0.579833984375 0.4752604166666667 0.03173828125 0.087890625
6 0.6146240234375 0.4630533854166667 0.028076171875 0.050455729166666664
26 0.6591796875 0.4825846354166667 0.03662109375 0.0927734375
27 0.699462890625 0.49072265625 0.03173828125 0.07649739583333333
24 0.7354736328125 0.4923502604166667 0.035400390625 0.07975260416666667
6 0.7684326171875 0.4833984375 0.028076171875 0.055338541666666664
18 0.810546875 0.4964192708333333 0.03173828125 0.087890625
10 0.845947265625 0.4939778645833333 0.029296875 0.0732421875
25 0.8837890625 0.5021158854166666 0.0341796875 0.0732421875