18 0.1739501953125 0.4109700520833333 0.028076171875 0.08951822916666667
6 0.2227783203125 0.3955078125 0.037841796875 0.048828125
22 0.32470703125 0.4036458333333333 0.0439453125 0.10091145833333333
18 0.3662109375 0.41748046875 0.029296875 0.09602864583333333
6 0.406494140625 0.3922526041666667 0.03662109375 0.042317708333333336
31 0.4583740234375 0.41259765625 0.040283203125 0.07649739583333333
10 0.4962158203125 0.4093424479166667 0.035400390625 0.06673177083333333
24 0.53466796875 0.4207356770833333 0.03173828125 0.06998697916666667
6 0.567626953125 0.4012044270833333 0.01953125 0.040690104166666664
10 0.648193359375 0.4117838541666667 0.0390625 0.07161458333333333
25 0.6842041015625 0.42236328125 0.037841796875 0.07975260416666667
24 0.7489013671875 0.4182942708333333 0.035400390625 0.068359375
21 0.782470703125 0.419921875 0.0390625 0.06510416666666667
16 0.8160400390625 0.41748046875 0.030517578125 0.0634765625
6 0.8441162109375 0.41015625 0.023193359375 0.042317708333333336