7 0.27099609375 0.3369140625 0.0390625 0.08138020833333333
6 0.316162109375 0.33447265625 0.029296875 0.07975260416666667
25 0.369873046875 0.3499348958333333 0.04150390625 0.08138020833333333
10 0.418701171875 0.34423828125 0.0537109375 0.07649739583333333
9 0.4931640625 0.33935546875 0.0439453125 0.09928385416666667
10 0.5389404296875 0.3450520833333333 0.030517578125 0.087890625
9 0.609130859375 0.3369140625 0.0439453125 0.08138020833333333
6 0.64453125 0.3304036458333333 0.02685546875 0.05859375
26 0.6866455078125 0.3450520833333333 0.037841796875 0.07161458333333333
21 0.72509765625 0.3483072916666667 0.03662109375 0.068359375
25 0.7586669921875 0.3523763020833333 0.035400390625 0.08626302083333333