10 0.1849365234375 0.3059895833333333 0.057373046875 0.087890625
18 0.2264404296875 0.3214518229166667 0.025634765625 0.1025390625
13 0.328369140625 0.3190104166666667 0.04150390625 0.087890625
6 0.361328125 0.3116861979166667 0.03173828125 0.056966145833333336
26 0.4150390625 0.3369140625 0.0537109375 0.126953125
21 0.462646484375 0.3377278645833333 0.0390625 0.09602864583333333
10 0.5438232421875 0.3369140625 0.035400390625 0.07486979166666667
25 0.584716796875 0.3426106770833333 0.04150390625 0.09602864583333333
20 0.66650390625 0.3458658854166667 0.04638671875 0.07649739583333333
10 0.704345703125 0.3474934895833333 0.029296875 0.0732421875
13 0.743408203125 0.3515625 0.02685546875 0.08138020833333333
24 0.7781982421875 0.3605143229166667 0.030517578125 0.07975260416666667
21 0.816650390625 0.36376953125 0.03662109375 0.08951822916666667