22 0.1300048828125 0.48095703125 0.050048828125 0.0732421875
15 0.174560546875 0.4671223958333333 0.03662109375 0.07486979166666667
20 0.216064453125 0.4736328125 0.0390625 0.08463541666666667
26 0.2569580078125 0.4679361979166667 0.035400390625 0.0927734375
6 0.29052734375 0.46142578125 0.029296875 0.06673177083333333
24 0.3350830078125 0.4671223958333333 0.032958984375 0.07161458333333333
21 0.369873046875 0.46875 0.0341796875 0.07161458333333333
20 0.4083251953125 0.4638671875 0.032958984375 0.07486979166666667
18 0.4681396484375 0.4622395833333333 0.032958984375 0.068359375
6 0.499267578125 0.4402669270833333 0.02685546875 0.0439453125
22 0.570068359375 0.4541015625 0.029296875 0.07161458333333333
6 0.592041015625 0.4402669270833333 0.01953125 0.047200520833333336
24 0.628662109375 0.4532877604166667 0.0244140625 0.06673177083333333
10 0.6585693359375 0.44189453125 0.032958984375 0.047200520833333336
9 0.68603515625 0.4378255208333333 0.02197265625 0.055338541666666664
9 0.743408203125 0.43701171875 0.0244140625 0.056966145833333336
10 0.7720947265625 0.4378255208333333 0.025634765625 0.045572916666666664
7 0.8154296875 0.4305013020833333 0.0244140625 0.056966145833333336
18 0.8428955078125 0.4378255208333333 0.023193359375 0.068359375
6 0.86181640625 0.4248046875 0.02197265625 0.052083333333333336
20 0.8905029296875 0.4305013020833333 0.028076171875 0.060221354166666664
8 0.9136962890625 0.4239908854166667 0.020751953125 0.0537109375
21 0.9381103515625 0.43212890625 0.025634765625 0.056966145833333336