18 0.118408203125 0.2726236979166667 0.03173828125 0.056966145833333336
6 0.1593017578125 0.2596028645833333 0.023193359375 0.050455729166666664
12 0.240478515625 0.2628580729166667 0.04150390625 0.06998697916666667
18 0.284423828125 0.2815755208333333 0.04150390625 0.08138020833333333
21 0.322265625 0.2726236979166667 0.04150390625 0.0830078125
24 0.3668212890625 0.2823893229166667 0.045166015625 0.08626302083333333
10 0.443115234375 0.2742513020833333 0.029296875 0.06998697916666667
25 0.4840087890625 0.283203125 0.045166015625 0.07486979166666667
8 0.5615234375 0.2677408854166667 0.03173828125 0.060221354166666664
21 0.5987548828125 0.2783203125 0.030517578125 0.07486979166666667
18 0.628662109375 0.2823893229166667 0.029296875 0.07649739583333333
21 0.6719970703125 0.2823893229166667 0.030517578125 0.07975260416666667
24 0.7086181640625 0.28076171875 0.032958984375 0.0732421875
18 0.777587890625 0.2888997395833333 0.029296875 0.0634765625
21 0.8160400390625 0.2872721354166667 0.028076171875 0.07649739583333333
25 0.848388671875 0.2872721354166667 0.0341796875 0.07649739583333333
6 0.88134765625 0.28076171875 0.0390625 0.08626302083333333