19 0.2130126953125 0.40771484375 0.045166015625 0.08626302083333333
6 0.2557373046875 0.4020182291666667 0.032958984375 0.068359375
24 0.3106689453125 0.4085286458333333 0.040283203125 0.07486979166666667
15 0.357666015625 0.3971354166666667 0.03173828125 0.068359375
22 0.3997802734375 0.3987630208333333 0.037841796875 0.078125
21 0.4443359375 0.3987630208333333 0.03662109375 0.08463541666666667
25 0.4876708984375 0.3946940104166667 0.028076171875 0.0732421875
6 0.52001953125 0.37353515625 0.0244140625 0.040690104166666664
19 0.6170654296875 0.3824869791666667 0.035400390625 0.07161458333333333
21 0.6573486328125 0.38818359375 0.030517578125 0.07649739583333333
20 0.6976318359375 0.3776041666666667 0.032958984375 0.087890625
24 0.736083984375 0.3743489583333333 0.03173828125 0.07486979166666667
8 0.772705078125 0.3564453125 0.0341796875 0.0390625
6 0.8087158203125 0.3515625 0.028076171875 0.045572916666666664