8 0.2069091796875 0.3776041666666667 0.047607421875 0.078125
6 0.2520751953125 0.3767903645833333 0.035400390625 0.0537109375
12 0.3173828125 0.3922526041666667 0.05126953125 0.07486979166666667
10 0.3729248046875 0.390625 0.047607421875 0.08138020833333333
8 0.4693603515625 0.380859375 0.045166015625 0.078125
6 0.513916015625 0.3824869791666667 0.03173828125 0.06510416666666667
18 0.5572509765625 0.40771484375 0.040283203125 0.0927734375
15 0.6121826171875 0.400390625 0.040283203125 0.08463541666666667
10 0.6597900390625 0.4012044270833333 0.037841796875 0.0732421875
20 0.70556640625 0.4093424479166667 0.03662109375 0.0927734375
26 0.750732421875 0.4052734375 0.0341796875 0.08138020833333333
10 0.78857421875 0.39794921875 0.03662109375 0.06998697916666667