6 0.12939453125 0.28564453125 0.0390625 0.0830078125
7 0.1806640625 0.2962239583333333 0.0390625 0.07161458333333333
10 0.234375 0.2994791666666667 0.05615234375 0.087890625
16 0.2880859375 0.302734375 0.04638671875 0.07486979166666667
15 0.3369140625 0.302734375 0.0390625 0.07486979166666667
26 0.380859375 0.30517578125 0.03662109375 0.08951822916666667
6 0.4156494140625 0.29541015625 0.040283203125 0.0830078125
8 0.51025390625 0.30517578125 0.03662109375 0.056966145833333336
14 0.5511474609375 0.3133138020833333 0.042724609375 0.0537109375
15 0.5938720703125 0.3141276041666667 0.035400390625 0.061848958333333336
23 0.6329345703125 0.3214518229166667 0.040283203125 0.07975260416666667
27 0.673828125 0.3312174479166667 0.029296875 0.07975260416666667
6 0.701904296875 0.3165690104166667 0.02685546875 0.047200520833333336
26 0.74951171875 0.3287760416666667 0.03662109375 0.061848958333333336
15 0.787353515625 0.3238932291666667 0.0341796875 0.05859375
26 0.821533203125 0.32958984375 0.0390625 0.07649739583333333
6 0.8502197265625 0.3125 0.018310546875 0.032552083333333336