22 0.174560546875 0.2701822916666667 0.04150390625 0.107421875
6 0.2154541015625 0.2522786458333333 0.032958984375 0.061848958333333336
26 0.2734375 0.2669270833333333 0.04638671875 0.11393229166666667
24 0.3240966796875 0.2823893229166667 0.047607421875 0.08951822916666667
15 0.3753662109375 0.2750651041666667 0.050048828125 0.087890625
8 0.4241943359375 0.26611328125 0.037841796875 0.0634765625
15 0.47119140625 0.2742513020833333 0.04150390625 0.07649739583333333
21 0.516357421875 0.2864583333333333 0.0390625 0.087890625
10 0.6060791015625 0.2734375 0.042724609375 0.068359375
25 0.6512451171875 0.2880859375 0.030517578125 0.087890625
26 0.6951904296875 0.28564453125 0.032958984375 0.08951822916666667
24 0.7379150390625 0.2921549479166667 0.037841796875 0.07975260416666667
10 0.7763671875 0.2848307291666667 0.03173828125 0.087890625
18 0.810546875 0.2945963541666667 0.02197265625 0.08463541666666667
18 0.849609375 0.2962239583333333 0.029296875 0.08138020833333333
6 0.8843994140625 0.2742513020833333 0.037841796875 0.037434895833333336