14 0.23193359375 0.2734375 0.04638671875 0.09440104166666667
21 0.28076171875 0.2864583333333333 0.04150390625 0.087890625
31 0.340576171875 0.2913411458333333 0.05859375 0.09114583333333333
20 0.438232421875 0.2888997395833333 0.04638671875 0.09602864583333333
21 0.4833984375 0.2994791666666667 0.04150390625 0.08138020833333333
14 0.57373046875 0.2937825520833333 0.05126953125 0.0830078125
6 0.6109619140625 0.27587890625 0.035400390625 0.0439453125
31 0.6719970703125 0.3068033854166667 0.045166015625 0.08951822916666667
26 0.748291015625 0.31005859375 0.048828125 0.08951822916666667
6 0.7879638671875 0.2945963541666667 0.023193359375 0.055338541666666664
24 0.8331298828125 0.3108723958333333 0.035400390625 0.09114583333333333
10 0.8721923828125 0.302734375 0.025634765625 0.06510416666666667
6 0.9027099609375 0.30029296875 0.025634765625 0.056966145833333336