10 0.1947021484375 0.43212890625 0.042724609375 0.0732421875
18 0.23193359375 0.4451497395833333 0.02685546875 0.09928385416666667
8 0.3289794921875 0.419921875 0.037841796875 0.07486979166666667
15 0.379638671875 0.4313151041666667 0.04638671875 0.07486979166666667
10 0.423583984375 0.43212890625 0.0341796875 0.06998697916666667
18 0.4583740234375 0.43701171875 0.025634765625 0.07649739583333333
21 0.506591796875 0.4329427083333333 0.0341796875 0.08463541666666667
10 0.5914306640625 0.4239908854166667 0.035400390625 0.0732421875
25 0.6329345703125 0.4313151041666667 0.035400390625 0.07486979166666667
6 0.7110595703125 0.4150390625 0.028076171875 0.048828125
32 0.7550048828125 0.4288736979166667 0.042724609375 0.06998697916666667
27 0.79345703125 0.4248046875 0.03662109375 0.09114583333333333
18 0.8282470703125 0.4264322916666667 0.028076171875 0.078125