14 0.113525390625 0.3336588541666667 0.03662109375 0.05859375
21 0.1495361328125 0.3361002604166667 0.030517578125 0.056966145833333336
18 0.184326171875 0.3377278645833333 0.02685546875 0.0634765625
6 0.2166748046875 0.3263346354166667 0.018310546875 0.0341796875
14 0.2886962890625 0.3369140625 0.028076171875 0.061848958333333336
21 0.3277587890625 0.34423828125 0.032958984375 0.06673177083333333
31 0.3668212890625 0.3385416666666667 0.030517578125 0.07161458333333333
10 0.4351806640625 0.3409830729166667 0.028076171875 0.06998697916666667
25 0.4681396484375 0.3385416666666667 0.025634765625 0.07161458333333333
27 0.53955078125 0.3385416666666667 0.029296875 0.068359375
20 0.5731201171875 0.3352864583333333 0.030517578125 0.068359375
18 0.63232421875 0.33935546875 0.029296875 0.06998697916666667
15 0.673828125 0.3377278645833333 0.02685546875 0.0634765625
20 0.7073974609375 0.3377278645833333 0.025634765625 0.0634765625
9 0.7403564453125 0.3328450520833333 0.030517578125 0.0634765625
21 0.7745361328125 0.3385416666666667 0.028076171875 0.07161458333333333
9 0.83984375 0.3312174479166667 0.02685546875 0.060221354166666664
15 0.872802734375 0.3312174479166667 0.0244140625 0.0537109375
6 0.8966064453125 0.33203125 0.020751953125 0.048828125