10 0.22705078125 0.2506510416666667 0.04150390625 0.07486979166666667
18 0.2691650390625 0.2701822916666667 0.040283203125 0.08138020833333333
21 0.3656005859375 0.28076171875 0.042724609375 0.0927734375
25 0.411376953125 0.283203125 0.04150390625 0.087890625
21 0.46142578125 0.2945963541666667 0.048828125 0.09114583333333333
8 0.543212890625 0.29052734375 0.0341796875 0.0634765625
21 0.5816650390625 0.3043619791666667 0.042724609375 0.08463541666666667
19 0.62744140625 0.3108723958333333 0.03662109375 0.07486979166666667
10 0.667724609375 0.3125 0.03662109375 0.07486979166666667
19 0.7464599609375 0.322265625 0.040283203125 0.08463541666666667
15 0.7867431640625 0.3263346354166667 0.028076171875 0.0634765625
10 0.8209228515625 0.3287760416666667 0.035400390625 0.06510416666666667
18 0.855712890625 0.3450520833333333 0.029296875 0.07161458333333333