10 0.111083984375 0.3263346354166667 0.0439453125 0.08626302083333333
18 0.1544189453125 0.3377278645833333 0.037841796875 0.0830078125
22 0.244140625 0.33203125 0.04638671875 0.09114583333333333
10 0.29296875 0.33935546875 0.03173828125 0.07975260416666667
24 0.33447265625 0.3507486979166667 0.0390625 0.07649739583333333
24 0.3778076171875 0.34912109375 0.040283203125 0.06673177083333333
21 0.4180908203125 0.3531901041666667 0.032958984375 0.068359375
26 0.4949951171875 0.3515625 0.037841796875 0.087890625
15 0.531005859375 0.3507486979166667 0.03173828125 0.0537109375
10 0.570068359375 0.3597005208333333 0.0390625 0.078125
20 0.6085205078125 0.36376953125 0.035400390625 0.0732421875
10 0.6475830078125 0.3670247395833333 0.037841796875 0.0830078125
19 0.709228515625 0.3662109375 0.029296875 0.08138020833333333
6 0.7373046875 0.3564453125 0.02685546875 0.045572916666666664
20 0.7757568359375 0.3727213541666667 0.028076171875 0.068359375
8 0.8087158203125 0.3653971354166667 0.025634765625 0.047200520833333336
14 0.8367919921875 0.3776041666666667 0.030517578125 0.06510416666666667
6 0.8636474609375 0.3670247395833333 0.018310546875 0.0341796875
25 0.9033203125 0.3873697916666667 0.04150390625 0.055338541666666664