12 0.22216796875 0.2587890625 0.04150390625 0.07161458333333333
18 0.263671875 0.2718098958333333 0.029296875 0.08463541666666667
21 0.3167724609375 0.2815755208333333 0.042724609375 0.09765625
24 0.3680419921875 0.27587890625 0.050048828125 0.09602864583333333
19 0.457763671875 0.2652994791666667 0.048828125 0.09440104166666667
6 0.5035400390625 0.2620442708333333 0.030517578125 0.042317708333333336
24 0.5535888671875 0.27587890625 0.037841796875 0.09602864583333333
8 0.6036376953125 0.2596028645833333 0.037841796875 0.060221354166666664
14 0.648193359375 0.263671875 0.0390625 0.05859375
15 0.693359375 0.26611328125 0.04638671875 0.0634765625
26 0.7403564453125 0.2701822916666667 0.035400390625 0.09114583333333333
6 0.77880859375 0.2547200520833333 0.0244140625 0.047200520833333336