14 0.218505859375 0.3816731770833333 0.048828125 0.07975260416666667
21 0.2728271484375 0.38818359375 0.045166015625 0.09602864583333333
16 0.3228759765625 0.3857421875 0.040283203125 0.08138020833333333
6 0.360107421875 0.37353515625 0.02685546875 0.060221354166666664
25 0.4205322265625 0.3963216145833333 0.054931640625 0.08951822916666667
8 0.5157470703125 0.3849283854166667 0.045166015625 0.06998697916666667
6 0.552978515625 0.3776041666666667 0.02685546875 0.048828125
15 0.6072998046875 0.3914388020833333 0.040283203125 0.0634765625
9 0.6549072265625 0.390625 0.030517578125 0.07161458333333333
6 0.6890869140625 0.37841796875 0.023193359375 0.0439453125
25 0.73974609375 0.4012044270833333 0.0439453125 0.07975260416666667