9 0.20263671875 0.3076171875 0.04150390625 0.07161458333333333
10 0.25390625 0.31494140625 0.0390625 0.07975260416666667
9 0.3070068359375 0.31005859375 0.050048828125 0.0537109375
21 0.362548828125 0.3214518229166667 0.04150390625 0.08951822916666667
22 0.469970703125 0.3263346354166667 0.05126953125 0.1025390625
15 0.5230712890625 0.3141276041666667 0.047607421875 0.08138020833333333
20 0.577392578125 0.32958984375 0.0439453125 0.08626302083333333
26 0.631103515625 0.3263346354166667 0.0439453125 0.09602864583333333
6 0.67138671875 0.3019205729166667 0.02685546875 0.047200520833333336
9 0.736083984375 0.3141276041666667 0.04638671875 0.05859375
21 0.7861328125 0.32470703125 0.03662109375 0.08626302083333333