26 0.1605224609375 0.3719075520833333 0.054931640625 0.09602864583333333
10 0.21728515625 0.3653971354166667 0.0439453125 0.07649739583333333
18 0.2593994140625 0.3767903645833333 0.045166015625 0.0830078125
10 0.3253173828125 0.3670247395833333 0.047607421875 0.060221354166666664
12 0.382080078125 0.3662109375 0.04150390625 0.08138020833333333
21 0.4364013671875 0.37353515625 0.037841796875 0.09602864583333333
20 0.49072265625 0.3751627604166667 0.05126953125 0.09928385416666667
21 0.5419921875 0.3776041666666667 0.0390625 0.08138020833333333
28 0.643310546875 0.380859375 0.0537109375 0.09765625
15 0.697021484375 0.36865234375 0.03662109375 0.0732421875
10 0.748291015625 0.3621419270833333 0.0390625 0.060221354166666664
16 0.7940673828125 0.36865234375 0.032958984375 0.0732421875
21 0.8416748046875 0.3727213541666667 0.052490234375 0.10416666666666667