6 0.137939453125 0.3621419270833333 0.0244140625 0.060221354166666664
18 0.1898193359375 0.390625 0.028076171875 0.09440104166666667
19 0.25390625 0.3873697916666667 0.0439453125 0.10091145833333333
21 0.306396484375 0.3873697916666667 0.0439453125 0.087890625
14 0.3631591796875 0.37353515625 0.040283203125 0.06998697916666667
6 0.4052734375 0.3719075520833333 0.029296875 0.060221354166666664
9 0.465087890625 0.3800455729166667 0.04638671875 0.0732421875
6 0.5035400390625 0.3645833333333333 0.020751953125 0.055338541666666664
7 0.6048583984375 0.38330078125 0.028076171875 0.0634765625
18 0.650634765625 0.3963216145833333 0.02685546875 0.08951822916666667
6 0.6988525390625 0.36376953125 0.028076171875 0.030924479166666668
20 0.7598876953125 0.39306640625 0.045166015625 0.08951822916666667
8 0.8056640625 0.3800455729166667 0.0341796875 0.056966145833333336
6 0.84228515625 0.37353515625 0.02685546875 0.037434895833333336