8 0.184326171875 0.2571614583333333 0.03662109375 0.07161458333333333
27 0.224609375 0.27587890625 0.03662109375 0.0927734375
8 0.3021240234375 0.2604166666666667 0.042724609375 0.055338541666666664
27 0.3436279296875 0.2718098958333333 0.040283203125 0.078125
8 0.4144287109375 0.2620442708333333 0.035400390625 0.052083333333333336
27 0.452880859375 0.27587890625 0.04638671875 0.0732421875
22 0.5255126953125 0.2742513020833333 0.040283203125 0.06673177083333333
27 0.5682373046875 0.28076171875 0.042724609375 0.06998697916666667
19 0.60546875 0.2766927083333333 0.0341796875 0.06510416666666667
6 0.6353759765625 0.2652994791666667 0.018310546875 0.048828125
25 0.6787109375 0.2734375 0.0341796875 0.068359375
25 0.7177734375 0.2750651041666667 0.02685546875 0.068359375
25 0.7537841796875 0.2775065104166667 0.035400390625 0.06673177083333333