22 0.1458740234375 0.33203125 0.052490234375 0.11393229166666667
6 0.1922607421875 0.31005859375 0.037841796875 0.040690104166666664
22 0.2593994140625 0.3377278645833333 0.057373046875 0.09602864583333333
10 0.3216552734375 0.33447265625 0.052490234375 0.0927734375
18 0.36865234375 0.34423828125 0.03173828125 0.1025390625
9 0.4913330078125 0.3377278645833333 0.052490234375 0.08626302083333333
21 0.546875 0.3531901041666667 0.04638671875 0.11067708333333333
7 0.599365234375 0.33935546875 0.029296875 0.07649739583333333
18 0.6463623046875 0.34912109375 0.025634765625 0.09928385416666667
6 0.7012939453125 0.3238932291666667 0.032958984375 0.05859375
9 0.7672119140625 0.33447265625 0.047607421875 0.0830078125
21 0.8245849609375 0.3653971354166667 0.054931640625 0.10904947916666667