25 0.1153564453125 0.3548177083333333 0.045166015625 0.10091145833333333
21 0.1678466796875 0.3645833333333333 0.035400390625 0.09440104166666667
19 0.220947265625 0.3564453125 0.04638671875 0.087890625
7 0.26611328125 0.3548177083333333 0.03662109375 0.07486979166666667
24 0.33203125 0.36865234375 0.05126953125 0.0927734375
6 0.379638671875 0.3426106770833333 0.0390625 0.047200520833333336
9 0.491943359375 0.3564453125 0.04638671875 0.06510416666666667
10 0.5401611328125 0.3597005208333333 0.050048828125 0.061848958333333336
6 0.6341552734375 0.3474934895833333 0.032958984375 0.0537109375
24 0.6927490234375 0.37109375 0.035400390625 0.11067708333333333
7 0.731201171875 0.36376953125 0.02685546875 0.07975260416666667
21 0.7916259765625 0.3767903645833333 0.035400390625 0.08951822916666667
18 0.830078125 0.37841796875 0.0390625 0.1025390625