8 0.1690673828125 0.4288736979166667 0.035400390625 0.07649739583333333
27 0.21728515625 0.439453125 0.0439453125 0.09114583333333333
6 0.2581787109375 0.4134114583333333 0.028076171875 0.045572916666666664
9 0.3167724609375 0.4239908854166667 0.050048828125 0.056966145833333336
24 0.36865234375 0.4361979166666667 0.04638671875 0.08138020833333333
21 0.4168701171875 0.4443359375 0.042724609375 0.078125
26 0.5126953125 0.4378255208333333 0.0439453125 0.078125
21 0.5615234375 0.44189453125 0.0439453125 0.08626302083333333
24 0.609130859375 0.4378255208333333 0.0439453125 0.08463541666666667
8 0.6573486328125 0.4337565104166667 0.040283203125 0.07975260416666667
15 0.704345703125 0.4337565104166667 0.0341796875 0.06998697916666667
9 0.751953125 0.4296875 0.0439453125 0.09114583333333333
21 0.80322265625 0.4459635416666667 0.03662109375 0.08138020833333333