25 0.1885986328125 0.4329427083333333 0.050048828125 0.078125
15 0.2423095703125 0.4305013020833333 0.037841796875 0.06998697916666667
18 0.28076171875 0.439453125 0.02197265625 0.078125
10 0.33203125 0.4264322916666667 0.0439453125 0.07486979166666667
20 0.37841796875 0.4329427083333333 0.03662109375 0.078125
8 0.4229736328125 0.4207356770833333 0.037841796875 0.0439453125
15 0.4693603515625 0.4231770833333333 0.042724609375 0.045572916666666664
21 0.5126953125 0.4378255208333333 0.04150390625 0.07486979166666667
18 0.589599609375 0.4345703125 0.029296875 0.08463541666666667
6 0.631103515625 0.4150390625 0.029296875 0.045572916666666664
24 0.6829833984375 0.4329427083333333 0.037841796875 0.087890625
13 0.7257080078125 0.4264322916666667 0.040283203125 0.06510416666666667
21 0.7666015625 0.4313151041666667 0.04150390625 0.08138020833333333