26 0.1580810546875 0.4036458333333333 0.054931640625 0.078125
10 0.2099609375 0.400390625 0.04638671875 0.068359375
18 0.2587890625 0.4069010416666667 0.0390625 0.09440104166666667
6 0.3106689453125 0.3889973958333333 0.042724609375 0.078125
6 0.413818359375 0.3873697916666667 0.03173828125 0.05859375
24 0.4730224609375 0.4060872395833333 0.047607421875 0.08951822916666667
24 0.5255126953125 0.4166666666666667 0.040283203125 0.08463541666666667
27 0.577392578125 0.41748046875 0.0341796875 0.10904947916666667
13 0.6243896484375 0.4052734375 0.040283203125 0.061848958333333336
6 0.6640625 0.3857421875 0.02685546875 0.045572916666666664
9 0.7281494140625 0.3971354166666667 0.035400390625 0.055338541666666664
6 0.76171875 0.3922526041666667 0.02685546875 0.05859375