8 0.205078125 0.3556315104166667 0.048828125 0.07649739583333333
27 0.2557373046875 0.3816731770833333 0.042724609375 0.0830078125
10 0.306396484375 0.3751627604166667 0.0390625 0.0634765625
24 0.357666015625 0.3759765625 0.0390625 0.08463541666666667
9 0.404052734375 0.3645833333333333 0.04638671875 0.068359375
6 0.4437255859375 0.3629557291666667 0.025634765625 0.07486979166666667
12 0.5413818359375 0.3719075520833333 0.042724609375 0.060221354166666664
18 0.582275390625 0.3914388020833333 0.029296875 0.08951822916666667
21 0.63720703125 0.3963216145833333 0.04638671875 0.08626302083333333
16 0.6854248046875 0.3865559895833333 0.040283203125 0.0732421875
6 0.7177734375 0.3751627604166667 0.0244140625 0.0537109375