22 0.1495361328125 0.3719075520833333 0.052490234375 0.0927734375
15 0.2032470703125 0.37353515625 0.042724609375 0.0830078125
25 0.255126953125 0.37841796875 0.04638671875 0.0927734375
21 0.31005859375 0.38330078125 0.04638671875 0.08951822916666667
8 0.4107666015625 0.3580729166666667 0.045166015625 0.052083333333333336
24 0.46142578125 0.3824869791666667 0.04638671875 0.08138020833333333
27 0.5096435546875 0.3849283854166667 0.042724609375 0.07975260416666667
16 0.5596923828125 0.3800455729166667 0.047607421875 0.06998697916666667
15 0.6048583984375 0.37353515625 0.040283203125 0.056966145833333336
10 0.65185546875 0.37841796875 0.048828125 0.06998697916666667
20 0.7061767578125 0.3849283854166667 0.037841796875 0.08626302083333333
26 0.750732421875 0.3865559895833333 0.04638671875 0.08626302083333333
10 0.8013916015625 0.3792317708333333 0.050048828125 0.068359375