8 0.1470947265625 0.3556315104166667 0.042724609375 0.060221354166666664
6 0.186767578125 0.3523763020833333 0.0244140625 0.0537109375
7 0.23681640625 0.361328125 0.03662109375 0.078125
18 0.2899169921875 0.3824869791666667 0.028076171875 0.10091145833333333
10 0.3485107421875 0.36865234375 0.076904296875 0.0732421875
10 0.4547119140625 0.3743489583333333 0.042724609375 0.06510416666666667
20 0.5029296875 0.3824869791666667 0.03662109375 0.087890625
24 0.550537109375 0.3873697916666667 0.0439453125 0.08463541666666667
10 0.6036376953125 0.37841796875 0.037841796875 0.0732421875
9 0.655517578125 0.3776041666666667 0.04638671875 0.07161458333333333
6 0.694580078125 0.3662109375 0.029296875 0.045572916666666664
9 0.750732421875 0.3759765625 0.048828125 0.061848958333333336
21 0.797119140625 0.3857421875 0.0390625 0.078125