10 0.0970458984375 0.33935546875 0.030517578125 0.0634765625
18 0.12776611328125 0.34722330729166667 0.029296875 0.05642252604166664
9 0.19938232421875 0.3401692708333333 0.030925292968750018 0.05099934895833336
15 0.22989990234375 0.33962565104166664 0.028483886718750018 0.04340169270833331
6 0.260009765625 0.3385416666666667 0.02197265625 0.045572916666666664
9 0.33528564453125 0.3434244791666667 0.029296875 0.042317708333333336
10 0.36661865234375 0.34559570312500004 0.03173828125 0.042317708333333336
6 0.42724609375 0.33908528645833336 0.026042480468750018 0.03146809895833336
31 0.46427490234375 0.3531901041666667 0.03662109375 0.06402018229166669
10 0.49885986328125 0.34776367187499996 0.027668457031249982 0.048828125
24 0.53303955078125 0.35752929687499996 0.03255126953124998 0.055338541666666664
12 0.59489013671875 0.34939127604166664 0.029296875 0.045572916666666664
27 0.62947509765625 0.36078450520833333 0.025227050781249982 0.06402018229166669
15 0.66243408203125 0.3564453125 0.029296875 0.06402018229166669
6 0.721435546875 0.34613606770833333 0.020344238281249982 0.03472330729166669
8 0.789794921875 0.3483072916666667 0.02685546875 0.0390625
21 0.82234619140625 0.36566731770833333 0.025227050781249982 0.06293294270833331
19 0.85001708984375 0.3629557291666667 0.028483886718750018 0.05967773437499998
22 0.88216064453125 0.37000976562500004 0.026042480468750018 0.06293294270833331
24 0.91227294921875 0.37109375 0.029296875 0.06076497395833336
6 0.93709228515625 0.36241210937499996 0.020344238281249982 0.05425455729166669
24 0.97371337890625 0.37109375 0.02685546875 0.06076497395833336
27 0.09196044921875 0.41937825520833333 0.029296875 0.05750976562500002
20 0.12898681640625 0.41883789062500004 0.03662109375 0.06293294270833331
28 0.19449951171875 0.4215494791666667 0.03255126953124998 0.06402018229166669
10 0.22989990234375 0.4166666666666667 0.030109863281249982 0.05859375
25 0.26326416015625 0.419921875 0.02685546875 0.06076497395833336
26 0.296630859375 0.4182942708333333 0.03336669921875002 0.07269856770833331
15 0.33121826171875 0.42046549479166667 0.0244140625 0.06618815104166664
9 0.3662109375 0.4166666666666667 0.03255126953124998 0.04774414062500002
21 0.399169921875 0.4248046875 0.025227050781249982 0.055338541666666664