19 0.16357421875 0.4020182291666667 0.05615234375 0.09765625
10 0.2178955078125 0.400390625 0.035400390625 0.068359375
25 0.2618408203125 0.4036458333333333 0.042724609375 0.08463541666666667
6 0.3021240234375 0.38330078125 0.040283203125 0.040690104166666664
9 0.40283203125 0.3922526041666667 0.048828125 0.07486979166666667
10 0.4522705078125 0.4012044270833333 0.050048828125 0.07975260416666667
19 0.5328369140625 0.4012044270833333 0.050048828125 0.08626302083333333
6 0.574951171875 0.3914388020833333 0.0341796875 0.0537109375
9 0.6280517578125 0.3938802083333333 0.045166015625 0.048828125
10 0.67138671875 0.3995768229166667 0.0341796875 0.06673177083333333
24 0.709228515625 0.4020182291666667 0.04150390625 0.08463541666666667
6 0.74951171875 0.38330078125 0.02685546875 0.050455729166666664