22 0.238037109375 0.3580729166666667 0.03662109375 0.087890625
6 0.283203125 0.3499348958333333 0.029296875 0.048828125
24 0.3369140625 0.3629557291666667 0.0341796875 0.087890625
10 0.389404296875 0.3531901041666667 0.0390625 0.068359375
9 0.439453125 0.3483072916666667 0.04150390625 0.055338541666666664
24 0.5340576171875 0.3548177083333333 0.040283203125 0.07161458333333333
6 0.5755615234375 0.3361002604166667 0.028076171875 0.040690104166666664
31 0.6304931640625 0.3556315104166667 0.045166015625 0.09602864583333333
6 0.6695556640625 0.3328450520833333 0.023193359375 0.040690104166666664
9 0.7269287109375 0.341796875 0.035400390625 0.055338541666666664
6 0.7635498046875 0.3279622395833333 0.032958984375 0.037434895833333336