6 0.1434326171875 0.3824869791666667 0.042724609375 0.045572916666666664
13 0.201416015625 0.3971354166666667 0.04150390625 0.055338541666666664
27 0.2532958984375 0.41259765625 0.037841796875 0.10579427083333333
6 0.29541015625 0.3800455729166667 0.03173828125 0.040690104166666664
8 0.404052734375 0.3849283854166667 0.03662109375 0.060221354166666664
21 0.44921875 0.4012044270833333 0.03662109375 0.08626302083333333
20 0.49560546875 0.4012044270833333 0.0439453125 0.07649739583333333
14 0.58349609375 0.3898111979166667 0.05126953125 0.07649739583333333
15 0.6329345703125 0.3889973958333333 0.032958984375 0.06510416666666667
10 0.675048828125 0.3889973958333333 0.0390625 0.08463541666666667
18 0.7171630859375 0.3963216145833333 0.023193359375 0.0830078125
21 0.76416015625 0.39794921875 0.0390625 0.08626302083333333