12 0.18798828125 0.3743489583333333 0.04638671875 0.08463541666666667
21 0.2423095703125 0.3938802083333333 0.045166015625 0.10091145833333333
8 0.2978515625 0.3776041666666667 0.03662109375 0.08463541666666667
21 0.347900390625 0.3898111979166667 0.048828125 0.0927734375
12 0.4541015625 0.38818359375 0.048828125 0.07649739583333333
27 0.50537109375 0.400390625 0.04150390625 0.10091145833333333
20 0.556640625 0.400390625 0.04150390625 0.08463541666666667
9 0.609130859375 0.3987630208333333 0.0390625 0.07161458333333333
15 0.660400390625 0.3946940104166667 0.0439453125 0.07649739583333333
9 0.709228515625 0.3938802083333333 0.03662109375 0.07486979166666667
21 0.755615234375 0.4117838541666667 0.05126953125 0.10091145833333333