26 0.2130126953125 0.4378255208333333 0.037841796875 0.087890625
24 0.262451171875 0.439453125 0.0390625 0.09114583333333333
6 0.30517578125 0.41748046875 0.0341796875 0.040690104166666664
22 0.3631591796875 0.439453125 0.045166015625 0.08463541666666667
21 0.41259765625 0.4427083333333333 0.0390625 0.09114583333333333
19 0.5108642578125 0.4435221354166667 0.045166015625 0.07649739583333333
21 0.55419921875 0.4484049479166667 0.03662109375 0.0732421875
16 0.606689453125 0.4345703125 0.04150390625 0.052083333333333336
6 0.6414794921875 0.4215494791666667 0.030517578125 0.032552083333333336
9 0.6964111328125 0.4337565104166667 0.040283203125 0.050455729166666664
21 0.743408203125 0.44189453125 0.03662109375 0.07649739583333333