18 0.1300048828125 0.3426106770833333 0.035400390625 0.1025390625
18 0.1824951171875 0.3426106770833333 0.047607421875 0.10904947916666667
6 0.2227783203125 0.3214518229166667 0.032958984375 0.056966145833333336
28 0.2801513671875 0.3499348958333333 0.050048828125 0.10416666666666667
10 0.3314208984375 0.3401692708333333 0.047607421875 0.08138020833333333
21 0.416259765625 0.3434244791666667 0.05126953125 0.08463541666666667
30 0.4656982421875 0.34423828125 0.045166015625 0.08951822916666667
15 0.5084228515625 0.3336588541666667 0.040283203125 0.08463541666666667
9 0.5517578125 0.3304036458333333 0.0390625 0.05859375
6 0.5865478515625 0.32470703125 0.028076171875 0.0537109375
9 0.63720703125 0.3287760416666667 0.05126953125 0.055338541666666664
6 0.6805419921875 0.3157552083333333 0.032958984375 0.0390625