12 0.15380859375 0.36376953125 0.05126953125 0.07975260416666667
24 0.2001953125 0.37353515625 0.03662109375 0.0830078125
10 0.2484130859375 0.361328125 0.037841796875 0.06510416666666667
25 0.29052734375 0.37841796875 0.0390625 0.0927734375
6 0.3253173828125 0.35888671875 0.037841796875 0.050455729166666664
25 0.37841796875 0.3767903645833333 0.0439453125 0.07649739583333333
8 0.46875 0.36865234375 0.04638671875 0.06673177083333333
21 0.5108642578125 0.390625 0.035400390625 0.08463541666666667
20 0.5523681640625 0.38818359375 0.042724609375 0.07975260416666667
8 0.6280517578125 0.3816731770833333 0.050048828125 0.0634765625
24 0.6817626953125 0.3987630208333333 0.052490234375 0.08138020833333333
10 0.7196044921875 0.38818359375 0.032958984375 0.06998697916666667
19 0.760498046875 0.3938802083333333 0.0390625 0.08463541666666667
6 0.7952880859375 0.3800455729166667 0.025634765625 0.050455729166666664