19 0.228271484375 0.21158854166666666 0.05126953125 0.11067708333333333
10 0.286865234375 0.20670572916666666 0.04638671875 0.11393229166666667
18 0.335693359375 0.2197265625 0.03173828125 0.126953125
21 0.401611328125 0.21647135416666666 0.06591796875 0.126953125
20 0.46875 0.22298177083333334 0.048828125 0.12044270833333333
25 0.53466796875 0.22135416666666666 0.048828125 0.1171875
6 0.587158203125 0.2001953125 0.05126953125 0.07486979166666667
20 0.650634765625 0.2197265625 0.05126953125 0.09440104166666667
9 0.711669921875 0.2197265625 0.04638671875 0.12044270833333333
15 0.762939453125 0.21158854166666666 0.04638671875 0.09765625
6 0.810546875 0.18880208333333334 0.0390625 0.07161458333333333