8 0.147705078125 0.20345052083333334 0.0537109375 0.08138020833333333
6 0.20751953125 0.19856770833333334 0.0341796875 0.055338541666666664
12 0.28564453125 0.21565755208333334 0.0537109375 0.0927734375
10 0.3582763671875 0.2197265625 0.062255859375 0.09440104166666667
8 0.489501953125 0.20100911458333334 0.05615234375 0.0830078125
6 0.54443359375 0.20751953125 0.0341796875 0.07649739583333333
18 0.6048583984375 0.24169921875 0.035400390625 0.12532552083333334
15 0.679931640625 0.22867838541666666 0.05126953125 0.0927734375
10 0.7452392578125 0.22867838541666666 0.052490234375 0.08626302083333333
20 0.8056640625 0.2392578125 0.05126953125 0.1171875
26 0.870361328125 0.244140625 0.0537109375 0.11067708333333333
10 0.931396484375 0.23600260416666666 0.048828125 0.09765625