18 0.181884765625 0.2596028645833333 0.0537109375 0.15462239583333334
18 0.2447509765625 0.2775065104166667 0.064697265625 0.1318359375
27 0.335693359375 0.2718098958333333 0.05615234375 0.1171875
28 0.4022216796875 0.2791341145833333 0.054931640625 0.1318359375
15 0.458984375 0.2579752604166667 0.0634765625 0.10904947916666667
6 0.5230712890625 0.24251302083333334 0.052490234375 0.07161458333333333
25 0.6646728515625 0.2791341145833333 0.067138671875 0.1123046875
27 0.733642578125 0.2897135416666667 0.0537109375 0.13020833333333334
6 0.7867431640625 0.2530924479166667 0.035400390625 0.060221354166666664
28 0.8587646484375 0.2945963541666667 0.052490234375 0.13346354166666666
10 0.92529296875 0.2815755208333333 0.05859375 0.11393229166666667