13 0.18798828125 0.21321614583333334 0.05615234375 0.1171875
6 0.238037109375 0.19205729166666666 0.03173828125 0.05859375
26 0.3192138671875 0.22298177083333334 0.069580078125 0.107421875
21 0.3875732421875 0.23193359375 0.052490234375 0.1123046875
9 0.5206298828125 0.21647135416666666 0.062255859375 0.09114583333333333
21 0.58349609375 0.23030598958333334 0.048828125 0.10579427083333333
24 0.648193359375 0.23274739583333334 0.048828125 0.107421875
19 0.706787109375 0.23763020833333334 0.0634765625 0.12369791666666667
15 0.765380859375 0.224609375 0.0439453125 0.09765625
9 0.8258056640625 0.22216796875 0.050048828125 0.0927734375
21 0.8856201171875 0.23518880208333334 0.052490234375 0.10904947916666667