25 0.1300048828125 0.2823893229166667 0.059814453125 0.10579427083333333
21 0.194091796875 0.2840169270833333 0.0439453125 0.09602864583333333
19 0.2496337890625 0.2848307291666667 0.050048828125 0.10091145833333333
7 0.3155517578125 0.27099609375 0.045166015625 0.0830078125
24 0.37353515625 0.2791341145833333 0.0537109375 0.08951822916666667
6 0.4229736328125 0.2522786458333333 0.035400390625 0.042317708333333336
25 0.4962158203125 0.2799479166666667 0.072021484375 0.09440104166666667
18 0.599365234375 0.2742513020833333 0.0341796875 0.10579427083333333
6 0.65185546875 0.24495442708333334 0.0341796875 0.0439453125
24 0.72265625 0.27099609375 0.048828125 0.10579427083333333
13 0.7769775390625 0.2547200520833333 0.052490234375 0.07975260416666667
6 0.8197021484375 0.24251302083333334 0.032958984375 0.048828125
25 0.882568359375 0.2669270833333333 0.05615234375 0.10091145833333333