25 0.203857421875 0.3133138020833333 0.0537109375 0.1123046875
27 0.2679443359375 0.3133138020833333 0.067138671875 0.09928385416666667
10 0.3314208984375 0.3133138020833333 0.050048828125 0.0927734375
18 0.3857421875 0.3133138020833333 0.04638671875 0.1123046875
21 0.4547119140625 0.3116861979166667 0.072021484375 0.10904947916666667
19 0.5804443359375 0.31005859375 0.054931640625 0.11881510416666667
21 0.64453125 0.3076171875 0.05615234375 0.09765625
16 0.7061767578125 0.2970377604166667 0.062255859375 0.07975260416666667
6 0.7598876953125 0.2799479166666667 0.042724609375 0.048828125
9 0.831298828125 0.29296875 0.0634765625 0.08138020833333333
21 0.8843994140625 0.3076171875 0.054931640625 0.09765625