19 0.0726318359375 0.3173828125 0.040283203125 0.06510416666666667
10 0.107421875 0.3141276041666667 0.0341796875 0.055338541666666664
10 0.1727294921875 0.31494140625 0.025634765625 0.06998697916666667
20 0.2056884765625 0.31494140625 0.028076171875 0.0634765625
8 0.24169921875 0.3068033854166667 0.029296875 0.0537109375
21 0.272216796875 0.3190104166666667 0.029296875 0.07161458333333333
20 0.30517578125 0.3173828125 0.0244140625 0.061848958333333336
26 0.335693359375 0.31982421875 0.03173828125 0.0634765625
24 0.3692626953125 0.322265625 0.023193359375 0.07161458333333333
10 0.4052734375 0.31005859375 0.029296875 0.050455729166666664
10 0.469970703125 0.3133138020833333 0.02685546875 0.0537109375
20 0.501708984375 0.3157552083333333 0.029296875 0.05859375
10 0.5657958984375 0.3133138020833333 0.028076171875 0.0537109375
18 0.5908203125 0.3141276041666667 0.01708984375 0.061848958333333336
18 0.657958984375 0.3125 0.0244140625 0.068359375
15 0.6927490234375 0.3076171875 0.030517578125 0.061848958333333336
19 0.7269287109375 0.3125 0.030517578125 0.061848958333333336
7 0.7574462890625 0.3043619791666667 0.023193359375 0.05859375
21 0.78857421875 0.3084309895833333 0.029296875 0.0634765625
31 0.8563232421875 0.3084309895833333 0.040283203125 0.0732421875
8 0.0726318359375 0.37841796875 0.037841796875 0.037434895833333336
21 0.1068115234375 0.3914388020833333 0.030517578125 0.06998697916666667
19 0.1361083984375 0.3898111979166667 0.028076171875 0.06673177083333333
10 0.1708984375 0.3857421875 0.03173828125 0.048828125
20 0.206298828125 0.38818359375 0.02685546875 0.056966145833333336
8 0.2398681640625 0.3800455729166667 0.030517578125 0.047200520833333336
10 0.2734375 0.3767903645833333 0.029296875 0.0537109375
6 0.3338623046875 0.3702799479166667 0.025634765625 0.030924479166666668
24 0.4010009765625 0.3849283854166667 0.030517578125 0.06998697916666667
21 0.4351806640625 0.3816731770833333 0.025634765625 0.0634765625
19 0.4693603515625 0.3849283854166667 0.028076171875 0.06673177083333333
22 0.499267578125 0.3857421875 0.03173828125 0.06510416666666667
10 0.53466796875 0.3800455729166667 0.0341796875 0.0537109375
24 0.562744140625 0.3849283854166667 0.029296875 0.060221354166666664
18 0.6231689453125 0.3865559895833333 0.032958984375 0.0634765625
6 0.6591796875 0.37353515625 0.01953125 0.0341796875
25 0.693359375 0.3800455729166667 0.0390625 0.06673177083333333
24 0.75927734375 0.3857421875 0.029296875 0.05859375
9 0.7904052734375 0.3800455729166667 0.028076171875 0.060221354166666664
6 0.8203125 0.3670247395833333 0.01953125 0.040690104166666664
13 0.855712890625 0.3751627604166667 0.029296875 0.0537109375
18 0.8819580078125 0.3841145833333333 0.018310546875 0.068359375
6 0.9112548828125 0.36865234375 0.020751953125 0.030924479166666668
25 0.9527587890625 0.380859375 0.032958984375 0.07486979166666667
22 0.0738525390625 0.458984375 0.032958984375 0.06510416666666667
6 0.101318359375 0.4451497395833333 0.02197265625 0.040690104166666664
24 0.140380859375 0.4597981770833333 0.03173828125 0.0537109375
6 0.1702880859375 0.44677734375 0.025634765625 0.0341796875
10 0.24169921875 0.4524739583333333 0.029296875 0.052083333333333336
20 0.2740478515625 0.4573567708333333 0.025634765625 0.068359375
8 0.3070068359375 0.4427083333333333 0.028076171875 0.029296875
21 0.3387451171875 0.4524739583333333 0.030517578125 0.055338541666666664
20 0.3717041015625 0.4557291666666667 0.028076171875 0.05859375
26 0.4052734375 0.45654296875 0.02685546875 0.0537109375
24 0.438232421875 0.45654296875 0.03173828125 0.056966145833333336
6 0.4644775390625 0.44189453125 0.015869140625 0.037434895833333336
24 0.50048828125 0.45654296875 0.03173828125 0.0634765625
18 0.562744140625 0.45166015625 0.02685546875 0.0634765625
21 0.596923828125 0.4532877604166667 0.02685546875 0.06673177083333333
19 0.66162109375 0.4524739583333333 0.029296875 0.05859375
15 0.6939697265625 0.44921875 0.035400390625 0.055338541666666664
21 0.7293701171875 0.45166015625 0.040283203125 0.060221354166666664