28 0.1800537109375 0.2840169270833333 0.047607421875 0.1220703125
10 0.2349853515625 0.2628580729166667 0.040283203125 0.06998697916666667
20 0.2825927734375 0.2750651041666667 0.042724609375 0.09114583333333333
26 0.335693359375 0.2783203125 0.0439453125 0.10416666666666667
6 0.377197265625 0.2555338541666667 0.029296875 0.055338541666666664
6 0.47607421875 0.25390625 0.03662109375 0.05859375
7 0.5181884765625 0.2718098958333333 0.032958984375 0.08463541666666667
15 0.5755615234375 0.2669270833333333 0.040283203125 0.068359375
10 0.6243896484375 0.2693684895833333 0.042724609375 0.0830078125
21 0.6732177734375 0.283203125 0.040283203125 0.087890625
26 0.72265625 0.2840169270833333 0.04150390625 0.1025390625
6 0.76171875 0.2644856770833333 0.03173828125 0.06673177083333333