22 0.1708984375 0.2791341145833333 0.05615234375 0.10579427083333333
27 0.2325439453125 0.2897135416666667 0.059814453125 0.10091145833333333
10 0.2935791015625 0.2734375 0.047607421875 0.08138020833333333
24 0.3546142578125 0.2823893229166667 0.057373046875 0.1025390625
26 0.416259765625 0.283203125 0.04638671875 0.10416666666666667
6 0.46875 0.2579752604166667 0.0439453125 0.047200520833333336
8 0.596923828125 0.2579752604166667 0.0537109375 0.056966145833333336
10 0.655517578125 0.2718098958333333 0.0537109375 0.07486979166666667
24 0.7196044921875 0.2864583333333333 0.050048828125 0.10416666666666667
24 0.7720947265625 0.2897135416666667 0.050048828125 0.10091145833333333
6 0.81787109375 0.2522786458333333 0.029296875 0.048828125
9 0.8856201171875 0.2685546875 0.052490234375 0.08138020833333333
6 0.9320068359375 0.2530924479166667 0.037841796875 0.0439453125