18 0.198974609375 0.4801432291666667 0.0439453125 0.126953125
6 0.2606201171875 0.4524739583333333 0.045166015625 0.061848958333333336
13 0.390625 0.4793294270833333 0.0634765625 0.0830078125
21 0.4486083984375 0.4947916666666667 0.045166015625 0.10091145833333333
24 0.506591796875 0.4915364583333333 0.048828125 0.10091145833333333
6 0.552978515625 0.4622395833333333 0.04638671875 0.052083333333333336
20 0.6866455078125 0.4939778645833333 0.054931640625 0.09928385416666667
10 0.743408203125 0.4866536458333333 0.0537109375 0.09114583333333333
13 0.8038330078125 0.4842122395833333 0.052490234375 0.06998697916666667
24 0.859375 0.50537109375 0.0537109375 0.10579427083333333
6 0.906982421875 0.4728190104166667 0.03173828125 0.0537109375