26 0.185546875 0.4964192708333333 0.05126953125 0.10416666666666667
10 0.244140625 0.4964192708333333 0.048828125 0.087890625
20 0.2972412109375 0.5110677083333334 0.045166015625 0.11067708333333333
13 0.3570556640625 0.4899088541666667 0.054931640625 0.07486979166666667
21 0.413818359375 0.50048828125 0.04638671875 0.0927734375
0 0.5450439453125 0.5021158854166666 0.086669921875 0.09928385416666667
18 0.6982421875 0.5061848958333334 0.03662109375 0.107421875
6 0.7574462890625 0.4768880208333333 0.035400390625 0.042317708333333336
22 0.823974609375 0.5118815104166666 0.0537109375 0.1025390625
15 0.8856201171875 0.4874674479166667 0.052490234375 0.0634765625
32 0.9478759765625 0.5135091145833334 0.064697265625 0.10904947916666667