18 0.1904296875 0.4313151041666667 0.02197265625 0.09765625
6 0.240478515625 0.4166666666666667 0.04638671875 0.068359375
20 0.3594970703125 0.4427083333333333 0.045166015625 0.09765625
27 0.4107666015625 0.45654296875 0.040283203125 0.1025390625
28 0.4620361328125 0.4573567708333333 0.047607421875 0.087890625
10 0.5169677734375 0.4475911458333333 0.045166015625 0.078125
10 0.6256103515625 0.4532877604166667 0.045166015625 0.0830078125
25 0.682373046875 0.4622395833333333 0.048828125 0.09440104166666667
24 0.7904052734375 0.46630859375 0.047607421875 0.09928385416666667
21 0.848388671875 0.4646809895833333 0.0537109375 0.10904947916666667
25 0.9051513671875 0.4630533854166667 0.047607421875 0.0927734375
6 0.9478759765625 0.4500325520833333 0.030517578125 0.0732421875