8 0.062255859375 0.556640625 0.048828125 0.07161458333333333
21 0.1043701171875 0.5631510416666666 0.042724609375 0.08138020833333333
19 0.15625 0.56396484375 0.04150390625 0.0927734375
10 0.1983642578125 0.556640625 0.042724609375 0.07486979166666667
20 0.245361328125 0.5623372395833334 0.05126953125 0.0830078125
26 0.2972412109375 0.5623372395833334 0.042724609375 0.08626302083333333
6 0.3338623046875 0.5387369791666666 0.037841796875 0.045572916666666664
24 0.390625 0.5623372395833334 0.0439453125 0.0830078125
15 0.443115234375 0.54931640625 0.04150390625 0.060221354166666664
21 0.487060546875 0.55419921875 0.03173828125 0.07975260416666667
25 0.5340576171875 0.5501302083333334 0.040283203125 0.08138020833333333