10 0.1019287109375 0.4915364583333333 0.045166015625 0.08463541666666667
18 0.14404296875 0.5086263020833334 0.03173828125 0.08626302083333333
6 0.242919921875 0.4899088541666667 0.02685546875 0.052083333333333336
24 0.2984619140625 0.50048828125 0.037841796875 0.07975260416666667
7 0.3411865234375 0.4947916666666667 0.032958984375 0.07161458333333333
21 0.4010009765625 0.5037434895833334 0.047607421875 0.0830078125
18 0.4388427734375 0.5094401041666666 0.028076171875 0.09114583333333333
10 0.537109375 0.4923502604166667 0.05859375 0.06998697916666667
25 0.5938720703125 0.50537109375 0.037841796875 0.07649739583333333
13 0.694580078125 0.49560546875 0.04638671875 0.07649739583333333
24 0.745849609375 0.5029296875 0.04150390625 0.09765625
6 0.78369140625 0.48095703125 0.0341796875 0.0439453125
20 0.8447265625 0.4988606770833333 0.048828125 0.0830078125
9 0.8941650390625 0.4939778645833333 0.042724609375 0.0830078125
10 0.9429931640625 0.4915364583333333 0.045166015625 0.06510416666666667