6 0.0341796875 0.5517578125 0.0244140625 0.045572916666666664
31 0.0787353515625 0.5851236979166666 0.042724609375 0.0927734375
5 0.1861572265625 0.5769856770833334 0.084228515625 0.08951822916666667
12 0.2984619140625 0.5818684895833334 0.037841796875 0.0830078125
18 0.335693359375 0.5900065104166666 0.0244140625 0.1025390625
21 0.3875732421875 0.5891927083333334 0.040283203125 0.08463541666666667
24 0.4327392578125 0.5916341145833334 0.037841796875 0.0830078125
10 0.4791259765625 0.5851236979166666 0.037841796875 0.07649739583333333
25 0.5255126953125 0.59814453125 0.045166015625 0.09602864583333333
7 0.6121826171875 0.5826822916666666 0.028076171875 0.06510416666666667
18 0.6622314453125 0.60302734375 0.037841796875 0.0830078125
6 0.70556640625 0.5777994791666666 0.03173828125 0.052083333333333336
20 0.76416015625 0.60546875 0.0439453125 0.09114583333333333
8 0.8160400390625 0.5818684895833334 0.035400390625 0.0537109375
6 0.849609375 0.5843098958333334 0.02197265625 0.042317708333333336
25 0.9063720703125 0.60791015625 0.047607421875 0.09602864583333333