10 0.1629638671875 0.42236328125 0.040283203125 0.08951822916666667
18 0.20751953125 0.43212890625 0.03662109375 0.0927734375
19 0.3033447265625 0.4264322916666667 0.040283203125 0.09440104166666667
6 0.340576171875 0.4060872395833333 0.03173828125 0.056966145833333336
24 0.3961181640625 0.4296875 0.042724609375 0.087890625
26 0.4486083984375 0.4337565104166667 0.045166015625 0.09602864583333333
10 0.496826171875 0.4248046875 0.0341796875 0.08138020833333333
25 0.54443359375 0.43212890625 0.0390625 0.08626302083333333
10 0.6463623046875 0.4264322916666667 0.037841796875 0.08463541666666667
25 0.6939697265625 0.4353841145833333 0.050048828125 0.09602864583333333
2 0.850830078125 0.4410807291666667 0.146484375 0.11393229166666667