22 0.169677734375 0.4622395833333333 0.04150390625 0.11067708333333333
6 0.216064453125 0.43701171875 0.04638671875 0.0537109375
22 0.2783203125 0.4638671875 0.04638671875 0.10416666666666667
10 0.333251953125 0.44921875 0.05859375 0.087890625
18 0.3802490234375 0.4777018229166667 0.040283203125 0.1025390625
6 0.4876708984375 0.4532877604166667 0.032958984375 0.050455729166666664
24 0.5419921875 0.4768880208333333 0.0439453125 0.09765625
24 0.595703125 0.4850260416666667 0.04638671875 0.09765625
27 0.6475830078125 0.4850260416666667 0.045166015625 0.09765625
13 0.706787109375 0.4768880208333333 0.0390625 0.07486979166666667
6 0.748291015625 0.4646809895833333 0.0390625 0.06673177083333333
9 0.81298828125 0.4768880208333333 0.04638671875 0.078125
21 0.863037109375 0.49560546875 0.0439453125 0.0927734375