10 0.1727294921875 0.4329427083333333 0.037841796875 0.07161458333333333
18 0.21484375 0.4459635416666667 0.029296875 0.078125
22 0.30029296875 0.44677734375 0.0390625 0.07649739583333333
10 0.343017578125 0.4402669270833333 0.0439453125 0.06998697916666667
24 0.3857421875 0.4500325520833333 0.0439453125 0.0830078125
24 0.4296875 0.44921875 0.04638671875 0.06510416666666667
21 0.472412109375 0.4532877604166667 0.0390625 0.0634765625
9 0.5511474609375 0.4402669270833333 0.037841796875 0.047200520833333336
10 0.5938720703125 0.44189453125 0.040283203125 0.056966145833333336
18 0.6317138671875 0.45166015625 0.030517578125 0.07649739583333333
28 0.721435546875 0.4549153645833333 0.04638671875 0.07649739583333333
10 0.76171875 0.439453125 0.0390625 0.048828125
8 0.8013916015625 0.43212890625 0.035400390625 0.040690104166666664
15 0.8441162109375 0.43701171875 0.032958984375 0.0537109375
20 0.885009765625 0.4508463541666667 0.04150390625 0.06510416666666667
21 0.931396484375 0.44921875 0.03662109375 0.07161458333333333