18 0.5810546875 0.185546875 0.07161458333333333 0.03662109375
6 0.6038411458333334 0.235595703125 0.026041666666666668 0.0390625
8 0.60302734375 0.3271484375 0.0341796875 0.05615234375
6 0.60302734375 0.369873046875 0.037434895833333336 0.03173828125
25 0.57373046875 0.4119873046875 0.06673177083333333 0.057373046875
6 0.59814453125 0.4541015625 0.040690104166666664 0.03662109375
25 0.5745442708333334 0.53955078125 0.07486979166666667 0.05615234375
10 0.5843098958333334 0.5914306640625 0.0390625 0.050048828125
15 0.5891927083333334 0.6695556640625 0.055338541666666664 0.052490234375
20 0.576171875 0.71533203125 0.07161458333333333 0.0439453125
27 0.5696614583333334 0.75927734375 0.087890625 0.0390625
20 0.57373046875 0.80322265625 0.07649739583333333 0.0390625
9 0.5753580729166666 0.845947265625 0.06998697916666667 0.03662109375
21 0.57861328125 0.88623046875 0.060221354166666664 0.0390625