10 0.22705078125 0.38330078125 0.04150390625 0.06673177083333333
18 0.26123046875 0.390625 0.03173828125 0.087890625
19 0.345458984375 0.390625 0.04150390625 0.078125
21 0.3851318359375 0.39306640625 0.040283203125 0.0830078125
20 0.4278564453125 0.3938802083333333 0.037841796875 0.08138020833333333
26 0.465087890625 0.39306640625 0.03662109375 0.07649739583333333
10 0.50537109375 0.3865559895833333 0.0341796875 0.06673177083333333
10 0.5810546875 0.3873697916666667 0.03662109375 0.07161458333333333
25 0.62255859375 0.3898111979166667 0.0390625 0.07649739583333333
13 0.7012939453125 0.3849283854166667 0.040283203125 0.050455729166666664
24 0.7403564453125 0.3971354166666667 0.035400390625 0.07161458333333333
6 0.7696533203125 0.3751627604166667 0.023193359375 0.0341796875
20 0.81787109375 0.3971354166666667 0.0341796875 0.06510416666666667
9 0.859375 0.3857421875 0.03173828125 0.048828125
10 0.894775390625 0.3873697916666667 0.0390625 0.061848958333333336