12 0.1055908203125 0.20670572916666666 0.040283203125 0.07486979166666667
24 0.145263671875 0.21647135416666666 0.03173828125 0.07486979166666667
10 0.189208984375 0.21402994791666666 0.0390625 0.060221354166666664
25 0.230712890625 0.22216796875 0.03662109375 0.06998697916666667
6 0.2642822265625 0.205078125 0.023193359375 0.042317708333333336
8 0.3497314453125 0.20589192708333334 0.047607421875 0.047200520833333336
21 0.3948974609375 0.22623697916666666 0.035400390625 0.061848958333333336
20 0.43701171875 0.22216796875 0.03662109375 0.06998697916666667
8 0.5133056640625 0.21158854166666666 0.035400390625 0.055338541666666664
14 0.556640625 0.21891276041666666 0.03662109375 0.060221354166666664
21 0.5987548828125 0.2294921875 0.037841796875 0.07486979166666667
8 0.63720703125 0.21728515625 0.0341796875 0.0439453125
21 0.677490234375 0.22623697916666666 0.0390625 0.061848958333333336
18 0.7159423828125 0.22786458333333334 0.028076171875 0.068359375
6 0.7537841796875 0.22379557291666666 0.035400390625 0.0537109375
26 0.79833984375 0.2294921875 0.03662109375 0.068359375
10 0.8392333984375 0.2197265625 0.045166015625 0.052083333333333336