23 0.2140279232111693 0.35715462610899873 0.08134031413612564 0.18480354879594427
14 0.3066980802792321 0.3328453738910013 0.07587783595113434 0.14886565272496832
25 0.39239092495637 0.3423574144486692 0.07506806282722515 0.1721166032953105
6 0.47110645724258293 0.33743346007604563 0.060307155322862196 0.20451204055766795
9 0.5725026178010472 0.32333967046894807 0.07926701570680625 0.17633079847908745
15 0.6516055846422338 0.315595690747782 0.06527748691099476 0.16083016476552595
18 0.7239197207678884 0.33391001267427123 0.054006980802792245 0.18901140684410644
18 0.8039895287958114 0.34870088719898606 0.0675497382198952 0.19325095057034222
6 0.8813438045375219 0.32122940430925223 0.07566143106457258 0.17210392902408106
9 0.20840488656195463 0.5670468948035488 0.09103664921465966 0.16520912547528513
10 0.3024328097731239 0.5614068441064639 0.08130890052356023 0.1539353612167301
28 0.4825410122164049 0.5825411913814955 0.09480977312390929 0.18775665399239536
6 0.5664921465968586 0.5712737642585551 0.07423036649214662 0.19902408111533584
8 0.6578080279232111 0.5723320659062103 0.08233856893542761 0.19690747782002538
6 0.7473752181500872 0.5716286438529784 0.08463176265270507 0.18704689480354877