15 0.06174461376773516 0.6965859030837004 0.055176037834997374 0.28083700440528636
24 0.127430373095113 0.7268722466960352 0.06568575932737783 0.3524229074889868
10 0.2049395691014188 0.6662995594713657 0.06568575932737783 0.2533039647577093
20 0.27850761954808195 0.6993392070484582 0.055176037834997374 0.30837004405286345
10 0.3474776668418287 0.6305066079295154 0.06174461376773516 0.21475770925110133
9 0.48804519180241723 0.586453744493392 0.06437204414083027 0.22577092511013216
15 0.5537309511297951 0.5726872246696035 0.06437204414083027 0.2422907488986784
6 0.6686810299527063 0.5038546255506607 0.0630583289542827 0.1486784140969163
18 0.7488176563321072 0.6002202643171806 0.0630583289542827 0.3634361233480176
13 0.8243562795585917 0.5561674008810573 0.06699947451392538 0.2092511013215859
21 0.8959537572254336 0.5781938325991189 0.0630583289542827 0.3303964757709251