20 0.06237399193548387 0.5067064083457526 0.051663306451612906 0.38748137108792846
27 0.10962701612903226 0.5029806259314457 0.03780241935483871 0.38002980625931443
20 0.15561995967741934 0.4880774962742176 0.04662298387096774 0.38002980625931443
8 0.19972278225806453 0.44709388971684055 0.04914314516129032 0.26825633383010433
6 0.24508568548387097 0.39120715350223545 0.03654233870967742 0.15648286140089418
28 0.3446320564516129 0.49552906110283157 0.04914314516129032 0.3651266766020864
6 0.3868447580645161 0.39120715350223545 0.04536290322580645 0.18628912071535023
19 0.4391381048387097 0.4731743666169896 0.04914314516129032 0.3204172876304024
21 0.4889112903225806 0.48062593144560356 0.04032258064516129 0.3055141579731744
25 0.538054435483871 0.4880774962742176 0.052923387096774195 0.3204172876304024
6 0.6224798387096774 0.38748137108792846 0.04788306451612903 0.13412816691505217
28 0.7239163306451613 0.4731743666169896 0.054183467741935484 0.3353204172876304
21 0.7736895161290323 0.45081967213114754 0.04284274193548387 0.3204172876304024
18 0.8196824596774194 0.47690014903129657 0.028981854838709676 0.35767511177347244
28 0.8688256048387096 0.46572280178837555 0.051663306451612906 0.3651266766020864
10 0.9160786290322581 0.4061102831594635 0.03780241935483871 0.18628912071535023
24 0.9639616935483871 0.46199701937406856 0.03780241935483871 0.29806259314456035