8 0.038136747480250616 0.5558968058968059 0.05175701443748298 0.1904176904176904
6 0.0824026150912558 0.5466830466830467 0.03949877417597385 0.18427518427518427
18 0.15186597657314083 0.6726044226044227 0.04767093435031327 0.41154791154791154
6 0.2213293380550259 0.5466830466830467 0.0640152546989921 0.1597051597051597
19 0.2976028330155271 0.6511056511056511 0.058567147916099155 0.3316953316953317
6 0.34867883410514844 0.5405405405405406 0.04630890765459003 0.1597051597051597
24 0.429719422500681 0.6633906633906634 0.058567147916099155 0.4176904176904177
9 0.49918278398256605 0.5743243243243243 0.05311904113320621 0.28869778869778867
21 0.5618360119858349 0.6418918918918919 0.06129120130754563 0.39926289926289926
13 0.6946336148188504 0.5866093366093366 0.05992917461182239 0.22727272727272727
27 0.7647779896485971 0.6418918918918919 0.058567147916099155 0.3501228501228501
6 0.8138109506946336 0.5221130221130221 0.03677472078452738 0.14742014742014742
22 0.8873603922636883 0.6265356265356266 0.05311904113320621 0.343980343980344
21 0.954099700354127 0.6326781326781327 0.0640152546989921 0.3808353808353808