31 0.08945095619987661 0.6216431451612903 0.06785934608266501 0.3561794354838709
27 0.17376002467612586 0.6199596774193549 0.08019740900678593 0.3125
13 0.27092227020357806 0.5745967741935484 0.07711289327575571 0.24193548387096775
21 0.3557464528069093 0.6115625 0.07608574953732267 0.33601814516129025
22 0.44468537939543495 0.6065221774193548 0.07711289327575571 0.3192237903225807
21 0.5341363355953116 0.5846774193548387 0.07711289327575571 0.3158568548387096
26 0.6251295496607033 0.5829939516129032 0.06785934608266501 0.29906250000000006
6 0.6909315237507712 0.4737903225806452 0.03495681677976555 0.12096774193548387
19 0.7922054287476866 0.572913306451613 0.06271745835903761 0.3125
10 0.8760024676125848 0.5073891129032257 0.08430906847624921 0.23521169354838714
6 0.9479734731647131 0.451945564516129 0.049352251696483655 0.15793346774193545