19 0.05327130852340936 0.6182795698924731 0.0585234093637455 0.4002389486260454
6 0.11029411764705882 0.5197132616487455 0.04951980792316927 0.2270011947431302
24 0.19357743097238894 0.6212664277180406 0.060024009603841535 0.4062126642771804
26 0.2656062424969988 0.6362007168458781 0.06602641056422569 0.3763440860215054
15 0.33463385354141656 0.5555555555555556 0.07503001200480192 0.25089605734767023
20 0.41191476590636256 0.6332138590203107 0.07352941176470588 0.3823178016726404
13 0.5529711884753902 0.570489844683393 0.07352941176470588 0.3046594982078853
6 0.6137454981992797 0.492831541218638 0.04201680672268908 0.16129032258064516
24 0.6955282112845138 0.6123058542413381 0.06452581032412966 0.35244922341696533
24 0.7705582232893158 0.6093189964157706 0.061524609843937574 0.34647550776583036
15 0.8433373349339736 0.5615292712066906 0.060024009603841535 0.2986857825567503
30 0.9258703481392557 0.5943847072879331 0.08103241296518607 0.4002389486260454