26 0.07693533558075391 0.4264965517241379 0.06601593625498009 0.39015172413793103
6 0.13515476555317193 0.4310896551724138 0.047609561752988035 0.399351724137931
8 0.20477781182960467 0.43262068965517236 0.062224946368372655 0.3840137931034484
21 0.269975482684646 0.4280275862068965 0.05573092246399017 0.39321379310344834
25 0.33142506895494944 0.4142344827586207 0.058090714066809705 0.42080000000000006
9 0.458243947287772 0.34369655172413793 0.06042598835427523 0.33491034482758625
10 0.5176555317192767 0.3237655172413793 0.05053325160894878 0.3318206896551724
29 0.6386852589641435 0.34984827586206896 0.05763714373276124 0.4207586206896551
6 0.6820962304627642 0.2409655172413793 0.03617223414036155 0.22139310344827584
25 0.7526080294207785 0.32224827586206894 0.054609255286546 0.4023586206896552
6 0.8031657983450812 0.2946620689655172 0.04335580753907455 0.40234482758620693
7 0.8652988047808764 0.2915862068965517 0.03890591480232909 0.39620689655172414
15 0.9301532332209623 0.2731862068965517 0.06033098375727848 0.3594068965517242