10 0.10784313725490197 0.4366289198606272 0.03676470588235294 0.08493031358885017
18 0.15379901960784315 0.4496951219512195 0.030637254901960783 0.10235191637630663
13 0.2610294117647059 0.4355400696864111 0.041666666666666664 0.0740418118466899
6 0.30453431372549017 0.42247386759581884 0.030637254901960783 0.06533101045296168
26 0.3590686274509804 0.44642857142857145 0.0392156862745098 0.08710801393728224
21 0.4074754901960784 0.44860627177700346 0.04534313725490196 0.09581881533101046
10 0.5073529411764706 0.4366289198606272 0.041666666666666664 0.06750871080139373
20 0.6035539215686274 0.4453397212543554 0.04534313725490196 0.09799651567944251
10 0.6531862745098039 0.4344512195121951 0.03431372549019608 0.07621951219512195
13 0.7009803921568627 0.4420731707317073 0.04656862745098039 0.08275261324041812
24 0.7463235294117647 0.44642857142857145 0.041666666666666664 0.09581881533101046
21 0.7977941176470589 0.4529616724738676 0.05392156862745098 0.10888501742160278