19 0.1816502463054187 0.2861771058315335 0.0769704433497537 0.1673866090712743
6 0.24245689655172414 0.23083153347732183 0.044642857142857144 0.07829373650107992
20 0.33174261083743845 0.29562634989200864 0.056958128078817734 0.15928725701943844
6 0.38716133004926107 0.24703023758099352 0.04156403940886699 0.06749460043196544
20 0.4710591133004926 0.27942764578833695 0.05233990147783251 0.14308855291576675
6 0.5372536945812808 0.24568034557235421 0.04926108374384237 0.09719222462203024
16 0.2547721674876847 0.4738120950323974 0.05080049261083744 0.11609071274298056
27 0.3232758620689655 0.5021598272138229 0.06157635467980296 0.15658747300215983
10 0.39870689655172414 0.46706263498920086 0.06157635467980296 0.12419006479481641
13 0.47413793103448276 0.4738120950323974 0.058497536945812806 0.13228941684665227
6 0.531865763546798 0.4400647948164147 0.03848522167487685 0.05399568034557235
22 0.24553571428571427 0.6884449244060475 0.060036945812807885 0.18898488120950324
27 0.3186576354679803 0.7073434125269978 0.058497536945812806 0.17278617710583152
19 0.39485837438423643 0.70329373650108 0.06311576354679803 0.15928725701943844
6 0.4525862068965517 0.6506479481641468 0.04310344827586207 0.091792656587473
25 0.5480295566502463 0.7019438444924406 0.0708128078817734 0.183585313174946