22 0.06372549019607843 0.6898817345597897 0.05392156862745098 0.3679369250985545
6 0.1090686274509804 0.5749014454664915 0.031862745098039214 0.15111695137976347
26 0.17034313725490197 0.6898817345597897 0.058823529411764705 0.354796320630749
24 0.22732843137254902 0.709592641261498 0.04779411764705882 0.39421813403416556
15 0.2818627450980392 0.6373193166885677 0.056372549019607844 0.2628120893561104
8 0.3400735294117647 0.5847568988173456 0.05024509803921569 0.1445466491458607
15 0.39705882352941174 0.6241787122207622 0.049019607843137254 0.2233902759526938
21 0.4491421568627451 0.6964520367936925 0.04534313725490196 0.354796320630749
10 0.5600490196078431 0.640604467805519 0.049019607843137254 0.3219448094612352
25 0.6158088235294118 0.6997371879106439 0.04534313725490196 0.36136662286465177
26 0.6740196078431373 0.683311432325887 0.05392156862745098 0.38107752956636004
24 0.7346813725490197 0.6931668856767411 0.05269607843137255 0.41392904073587383
10 0.7879901960784313 0.6241787122207622 0.049019607843137254 0.2628120893561104
18 0.8370098039215687 0.6898817345597897 0.0392156862745098 0.38107752956636004
18 0.8927696078431373 0.6701708278580815 0.04534313725490196 0.39421813403416556
6 0.946078431372549 0.5551905387647832 0.03676470588235294 0.12483574244415244