19 0.030303030303030304 0.600929614873838 0.05006587615283267 0.39176626826029215
21 0.08761528326745718 0.5942895086321381 0.05138339920948617 0.3784860557768924
18 0.13570487483530963 0.5976095617529881 0.039525691699604744 0.4116865869853918
10 0.2075098814229249 0.547808764940239 0.05401844532279315 0.2855245683930943
25 0.2733860342555995 0.5909694555112882 0.05928853754940711 0.35856573705179284
26 0.3333333333333333 0.5843293492695883 0.05533596837944664 0.3851261620185923
6 0.38405797101449274 0.4648074369189907 0.0461133069828722 0.17264276228419656
20 0.45454545454545453 0.5677290836653387 0.07905138339920949 0.3652058432934927
9 0.5210803689064558 0.4946879150066401 0.05928853754940711 0.2456839309428951
21 0.5823451910408433 0.5544488711819389 0.052700922266139656 0.3784860557768924
13 0.7088274044795784 0.5212483399734396 0.05533596837944664 0.31208499335989376
10 0.7760210803689065 0.5146082337317397 0.05533596837944664 0.2855245683930943
20 0.8412384716732543 0.5444887118193891 0.05665349143610013 0.398406374501992
26 0.8998682476943346 0.5378486055776892 0.05533596837944664 0.4249667994687915
10 0.9631093544137023 0.4814077025232404 0.06587615283267458 0.29880478087649404