26 0.03309634714390782 0.596551724137931 0.044128462858543764 0.33793103448275863
10 0.08028928658985045 0.5448275862068965 0.030644765873988723 0.23448275862068965
24 0.12319195881343467 0.5551724137931034 0.03799950968374602 0.296551724137931
10 0.1703848982593773 0.506896551724138 0.04167688158862466 0.2827586206896552
25 0.21696494238784017 0.5379310344827586 0.03922530031870557 0.2896551724137931
27 0.26477077715126257 0.5206896551724138 0.03922530031870557 0.2689655172413793
10 0.3095121353272861 0.49310344827586206 0.03799950968374602 0.2689655172413793
18 0.34935033096347146 0.496551724137931 0.026967393969110076 0.31724137931034485
28 0.402059328266732 0.496551724137931 0.04658004412846286 0.31724137931034485
21 0.44496200049031626 0.496551724137931 0.03922530031870557 0.3448275862068966
10 0.5332189262074037 0.4413793103448276 0.04658004412846286 0.23448275862068965
20 0.5804118656533465 0.4413793103448276 0.03799950968374602 0.27586206896551724
18 0.6594753616082373 0.43103448275862066 0.031870556508948274 0.3103448275862069
6 0.6962490806570237 0.3310344827586207 0.026967393969110076 0.16551724137931034
26 0.7955381220887472 0.3896551724137931 0.044128462858543764 0.3103448275862069
6 0.8280215739151753 0.2827586206896552 0.02329002206423143 0.13793103448275862
24 0.8764403039960774 0.3724137931034483 0.05148320666830106 0.30344827586206896
9 0.921181662172101 0.3 0.03799950968374602 0.21379310344827587
10 0.9640843343956852 0.3103448275862069 0.03554792841382692 0.2482758620689655