6 0.03370098039215686 0.40396341463414637 0.025735294117647058 0.05008710801393728
24 0.06801470588235294 0.43118466898954705 0.025735294117647058 0.09581881533101046
15 0.10477941176470588 0.4192073170731707 0.03308823529411765 0.05444250871080139
6 0.14338235294117646 0.4192073170731707 0.029411764705882353 0.05444250871080139
6 0.17279411764705882 0.4104965156794425 0.029411764705882353 0.04573170731707317
18 0.2420343137254902 0.43118466898954705 0.028186274509803922 0.08275261324041812
21 0.28799019607843135 0.4344512195121951 0.029411764705882353 0.07186411149825785
25 0.3247549019607843 0.4366289198606272 0.03431372549019608 0.08493031358885017
22 0.39644607843137253 0.4333623693379791 0.03308823529411765 0.0740418118466899
27 0.43566176470588236 0.4377177700348432 0.03308823529411765 0.078397212543554
19 0.47058823529411764 0.430095818815331 0.029411764705882353 0.07621951219512195
6 0.49754901960784315 0.41702961672473865 0.024509803921568627 0.04137630662020906
25 0.5428921568627451 0.4409843205574913 0.03676470588235294 0.07621951219512195
8 0.6115196078431373 0.4192073170731707 0.03676470588235294 0.04137630662020906
27 0.6513480392156863 0.4431620209059233 0.030637254901960783 0.08493031358885017
8 0.7224264705882353 0.4202961672473868 0.030637254901960783 0.04790940766550523
27 0.758578431372549 0.4442508710801394 0.031862745098039214 0.078397212543554
22 0.8284313725490197 0.4442508710801394 0.029411764705882353 0.09146341463414634
22 0.8633578431372549 0.45840592334494773 0.03553921568627451 0.09364111498257839
19 0.9007352941176471 0.44860627177700346 0.031862745098039214 0.078397212543554
6 0.9332107843137255 0.43880662020905925 0.01838235294117647 0.07621951219512195
25 0.9705882352941176 0.44751742160278746 0.031862745098039214 0.09364111498257839