23 0.06038303341902313 0.4718172043010754 0.043645244215938295 0.30563440860215063
27 0.10750385604113111 0.49511827956989246 0.04533933161953728 0.309236559139785
10 0.15633676092544987 0.4825698924731184 0.04532133676092544 0.2841290322580646
24 0.2550745501285347 0.4476021505376344 0.049997429305912625 0.2679784946236559
15 0.30583804627249356 0.4574731182795699 0.035840616966580995 0.29845161290322586
8 0.3536015424164524 0.43147311827956986 0.041393316195372745 0.25720430107526887
21 0.4022210796915167 0.4646451612903226 0.04351670951156818 0.2912903225806451
10 0.4964627249357326 0.42968817204301074 0.04690745501285342 0.29664516129032253
25 0.5482956298200514 0.427 0.042604113110539736 0.30202150537634403
18 0.6288277634961439 0.41623655913978497 0.03914652956298194 0.28050537634408607
6 0.6693110539845758 0.401 0.03013624678663228 0.2607741935483871
22 0.7671902313624679 0.39293548387096777 0.04851928020565547 0.2984193548387096
6 0.8063881748071979 0.3830752688172043 0.036938303341902214 0.28944086021505383
25 0.8515784061696657 0.3911397849462365 0.042491002570694075 0.31634408602150543
26 0.8961285347043701 0.385763440860215 0.04418766066838055 0.28406451612903233
6 0.9321131105398458 0.32120430107526887 0.039033419023136284 0.1764731182795699