28 0.053475935828877004 0.5215207877461707 0.0545234350424662 0.30634573304157553
10 0.12897137464611513 0.4485776805251641 0.052428436615287816 0.23340262582056892
24 0.19974834853727588 0.5051094091903721 0.05976722239698018 0.2735229759299782
18 0.33291286568103173 0.5142231947483589 0.04718464926077383 0.2990481400437636
6 0.40631330607109156 0.40664113785557987 0.05976722239698018 0.09117067833698035
15 0.563595470273671 0.44493435448577684 0.07444793960364897 0.19693654266958424
19 0.6380402642340358 0.48869803063457334 0.06815665303554579 0.291761487964989
6 0.6920415224913494 0.38840262582056895 0.03564957533815663 0.07658643326039387
13 0.7827398553004089 0.44128008752735226 0.06605850896508336 0.21152078774617072
10 0.8508965083359546 0.4339934354485777 0.05976722239698018 0.19693654266958424
20 0.9290122680088078 0.45951859956236324 0.07549543881723812 0.26258205689277897