28 0.050489113284947935 0.5585909712722297 0.06521615651625116 0.36935704514363876
10 0.12254023351214893 0.5107113543091655 0.05574944777532343 0.28272229822161415
24 0.19406752918901862 0.5700000000000001 0.05153991795519089 0.3556771545827634
18 0.32712843168191863 0.5358002735978112 0.03997159987377724 0.3328727770177839
21 0.40233512148942885 0.5449110807113543 0.05364468286525718 0.3328727770177839
25 0.47386241716629857 0.5312311901504788 0.047333543704638686 0.30551299589603287
25 0.6048185547491323 0.5221203830369358 0.056800252445566426 0.35112175102599175
27 0.6779204796465762 0.5312311901504788 0.05995582202587567 0.3328727770177839
10 0.7431366361628274 0.4719562243502052 0.05364468286525718 0.22343365253077982
20 0.8130861470495425 0.506155950752394 0.05469548753550014 0.3191928864569084
21 0.8782991479962133 0.5107113543091655 0.050489113284947935 0.3374418604651162
25 0.9445661091827074 0.506155950752394 0.06100662669611863 0.35567715458276333