26 0.09530334728033472 0.6867149220489978 0.06276150627615062 0.311804008908686
21 0.17026847977684795 0.7089866369710467 0.059274755927475574 0.2746881959910914
19 0.24755927475592748 0.6959910913140311 0.07206066945606697 0.29324053452115806
21 0.32833682008368203 0.69228285077951 0.0708960948396095 0.29324053452115806
24 0.4067887029288703 0.6867149220489978 0.0650871687587169 0.2969599109131404
24 0.48640167364016734 0.6829955456570156 0.075547419804742 0.3043763919821825
21 0.5654358437935844 0.6867149220489978 0.05694909344490932 0.27468819599109134
18 0.6340062761506275 0.6848552338530067 0.0546269177126918 0.28582405345211587
6 0.7112970711297071 0.5846325167037862 0.05346234309623429 0.10022271714922049
20 0.8077649930264993 0.6774276169265034 0.07903417015341704 0.3303674832962139
9 0.8931903765690377 0.6217483296213809 0.06624825662482567 0.2264253897550111