27 0.06007846983815596 0.58898847631242 0.03433055419323198 0.29449423815621
20 0.10360470819028936 0.58898847631242 0.04291319274153997 0.33290653008962867
19 0.18881804806277588 0.5793854033290653 0.04413928396272683 0.2880921895006402
15 0.23479646885728298 0.5377720870678617 0.04046101029916626 0.23047375160051217
18 0.2721922511034821 0.5697823303457106 0.026974006866110838 0.29449423815621
18 0.3138793526238352 0.5665813060179258 0.0392349190779794 0.2752880921895006
21 0.3653751839136832 0.5825864276568502 0.04904364884747425 0.26888604353393086
20 0.41012751348700344 0.5825864276568502 0.03555664541441883 0.29449423815621
9 0.4935017165277097 0.5185659411011524 0.04536537518391368 0.2176696542893726
10 0.5376410004904365 0.528169014084507 0.04046101029916626 0.19846350832266324
17 0.6204021579205493 0.560179257362356 0.03433055419323198 0.26248399487836105
10 0.665767533104463 0.5313700384122919 0.0392349190779794 0.2176696542893726
20 0.7092937714565963 0.5569782330345711 0.04536537518391368 0.2560819462227913
15 0.7503678273663561 0.5217669654289373 0.03187837175085827 0.2496798975672215
20 0.793281020107896 0.5473751600512163 0.03678273663560569 0.2752880921895006
15 0.8355811672388426 0.5025608194622279 0.04046101029916626 0.19846350832266324
25 0.8846248160863168 0.560179257362356 0.04536537518391368 0.26248399487836105