8 0.14369653767820773 0.2737850787132101 0.0724134419551935 0.0867008898015058
10 0.2240325865580448 0.3034428473648186 0.06109979633401222 0.1414579055441478
18 0.28852681602172436 0.3353867214236824 0.04299728445349629 0.18708418891170425
15 0.3869653767820774 0.3080082135523614 0.07241344195519346 0.11863791923340176
6 0.45994568906992533 0.27835044490075295 0.05544127630685673 0.05932238193018478
10 0.6336286490156144 0.31028747433264886 0.06788866259334692 0.1323271731690623
25 0.7145281737949762 0.33082135523613965 0.07128309572301425 0.15970568104038332
6 0.10862186014935506 0.5373032169746749 0.045257976917854735 0.13917180013689248
24 0.2025356415478615 0.5829363449691991 0.0814663951120163 0.20305954825462016
13 0.29474881194840463 0.5475701574264202 0.08033604887983709 0.1551471594798084
10 0.3790461642905635 0.5509924709103354 0.07015274949083505 0.1437371663244353
20 0.46730142566191446 0.5703832991101985 0.07015274949083505 0.2190280629705681
26 0.5538594704684318 0.5749486652977412 0.07807196198234895 0.2190280629705681
15 0.6381534283774609 0.5703832991101985 0.058835709436524074 0.20990417522245042
20 0.7224473862864901 0.5749486652977412 0.07128309572301425 0.2053388090349076
6 0.791469789545146 0.5110677618069815 0.05544127630685673 0.08670088980150586