19 0.04779411764705882 0.5128484320557491 0.051470588235294115 0.11541811846689895
15 0.10600490196078431 0.49760452961672474 0.05514705882352941 0.08057491289198607
8 0.22303921568627452 0.47147212543554007 0.051470588235294115 0.05879790940766551
6 0.26715686274509803 0.469294425087108 0.03431372549019608 0.04137630662020906
25 0.3314950980392157 0.4997822299651568 0.05024509803921569 0.09799651567944251
6 0.37745098039215685 0.4649390243902439 0.031862745098039214 0.05444250871080139
10 0.4846813725490196 0.47364982578397213 0.06004901960784314 0.06750871080139373
25 0.5441176470588235 0.4801829268292683 0.049019607843137254 0.09799651567944251
13 0.6409313725490197 0.45513937282229966 0.051470588235294115 0.06097560975609756
24 0.6942401960784313 0.4649390243902439 0.05269607843137255 0.09799651567944251
6 0.7316176470588235 0.4268292682926829 0.03431372549019608 0.04355400696864112
20 0.7910539215686274 0.4529616724738676 0.05514705882352941 0.10017421602787456
9 0.8400735294117647 0.4268292682926829 0.04534313725490196 0.08275261324041812
10 0.8903186274509803 0.429006968641115 0.0428921568627451 0.0740418118466899