18 0.058823529411764705 0.3702090592334495 0.041666666666666664 0.10888501742160278
6 0.10232843137254902 0.3277439024390244 0.025735294117647058 0.05879790940766551
18 0.20710784313725492 0.3538763066202091 0.0392156862745098 0.09364111498257839
27 0.26348039215686275 0.351698606271777 0.041666666666666664 0.10235191637630663
20 0.3125 0.34843205574912894 0.04411764705882353 0.09146341463414634
6 0.34987745098039214 0.3125 0.04044117647058824 0.05008710801393728
7 0.4491421568627451 0.3320993031358885 0.04779411764705882 0.06315331010452961
24 0.5042892156862745 0.3451655052264808 0.0428921568627451 0.08057491289198607
15 0.553921568627451 0.3310104529616725 0.03676470588235294 0.06533101045296168
18 0.5925245098039216 0.34189895470383275 0.028186274509803922 0.09581881533101046
18 0.6384803921568627 0.3386324041811847 0.041666666666666664 0.09364111498257839
6 0.6887254901960784 0.31685540069686413 0.03431372549019608 0.05879790940766551
19 0.7855392156862745 0.32447735191637633 0.04411764705882353 0.08710801393728224
27 0.8357843137254902 0.32447735191637633 0.04411764705882353 0.08275261324041812
8 0.8768382352941176 0.29943379790940766 0.028186274509803922 0.05008710801393728
14 0.9221813725490197 0.30596689895470386 0.030637254901960783 0.05879790940766551
21 0.9662990196078431 0.31576655052264807 0.03553921568627451 0.08710801393728224