10 0.08260821917808218 0.3586061588330632 0.04466849315068492 0.3390275526742302
18 0.12301369863013699 0.34374392220421396 0.035065753424657536 0.3903565640194489
26 0.2188821917808219 0.35724473257698536 0.05146575342465751 0.3201134521880064
21 0.26545205479452055 0.34914100486223654 0.03501369863013697 0.336320907617504
22 0.30973424657534243 0.34103727714748777 0.041386301369863 0.3849432739059967
21 0.35926849315068493 0.332933549432739 0.04456438356164379 0.3687358184764991
25 0.44464109589041095 0.29376012965964343 0.04544657534246578 0.37141004862236626
6 0.4834465753424657 0.2099837925445705 0.040865753424657494 0.3011021069692058
18 0.5320684931506849 0.25863857374392224 0.03673972602739724 0.3984116693679092
15 0.5779506849315068 0.2505186385737439 0.0380904109589041 0.31734197730956243
21 0.6297643835616438 0.27617504051863856 0.05131232876712328 0.3200648298217179
25 0.7080602739726027 0.25996758508914103 0.046260273972602836 0.3524797406807131
21 0.7491506849315068 0.24646677471636952 0.040767123287671285 0.390291734197731
18 0.7897835616438357 0.23160453808752027 0.034358904109589 0.34434359805510534
15 0.8379452054794521 0.20593192868719612 0.040276712328767186 0.3092058346839546
26 0.8833726027397261 0.2018800648298217 0.03523835616438353 0.31730956239870334
21 0.9271972602739726 0.19781199351701784 0.04617808219178087 0.2929821717990276