18 0.05015324602953469 0.6488314883148831 0.030649205906937867 0.31365313653136534
6 0.11214823070493174 0.5719557195571956 0.07662301476734466 0.14760147601476015
28 0.23335190860964056 0.6211562115621156 0.07105043187517414 0.34440344403444034
6 0.2932571747004737 0.5381303813038131 0.04876010030649206 0.15375153751537515
8 0.3503761493452215 0.5350553505535055 0.06269155753691837 0.13530135301353013
6 0.40261911395932015 0.525830258302583 0.033435497353023126 0.14145141451414514
9 0.5286988018946782 0.5535055350553506 0.04318751741432154 0.2091020910209102
6 0.5684034550013931 0.5166051660516605 0.041794371691278906 0.17220172201722017
18 0.685427695736974 0.6027060270602707 0.05293953747561995 0.2952029520295203
10 0.7502089718584564 0.544280442804428 0.059905266090833104 0.1906519065190652
8 0.8122039565338535 0.513530135301353 0.05851212036779047 0.12915129151291513
14 0.8693229311786013 0.5412054120541205 0.04736695458344943 0.2091020910209102
10 0.9278350515463918 0.519680196801968 0.05293953747561995 0.17835178351783518