28 0.07245337159253945 0.7456541628545288 0.05308464849354376 0.24702653247941445
15 0.13414634146341464 0.7365050320219579 0.05595408895265423 0.23787740164684354
27 0.24318507890961263 0.7433668801463861 0.0703012912482066 0.2607502287282708
20 0.3134863701578192 0.7227813357731016 0.05308464849354376 0.21957913998170173
6 0.36226685796269725 0.6404391582799634 0.05308464849354376 0.10978956999085086
20 0.4835007173601148 0.6953339432753889 0.04591104734576758 0.22872827081427263
27 0.5387374461979914 0.6724611161939615 0.058823529411764705 0.21957913998170173
7 0.5868005738880918 0.6404391582799634 0.03730272596843615 0.18298261665141813
10 0.6542324246771879 0.6267154620311071 0.06025824964131994 0.1555352241537054
13 0.766857962697274 0.6244281793229643 0.05595408895265423 0.16010978956999086
24 0.8242467718794835 0.6450137236962489 0.047345767575322814 0.21957913998170173
15 0.8737446197991392 0.601555352241537 0.05164992826398852 0.15096065873741996
25 0.9318507890961263 0.6290027447392498 0.06456241032998565 0.23330283623055809