18 0.026348039215686275 0.3636759581881533 0.030637254901960783 0.10017421602787456
6 0.0821078431372549 0.34081010452961674 0.03431372549019608 0.05444250871080139
20 0.18995098039215685 0.36476480836236935 0.049019607843137254 0.08493031358885017
21 0.24387254901960784 0.36476480836236935 0.041666666666666664 0.08928571428571429
8 0.2971813725490196 0.3440766550522648 0.0428921568627451 0.04790940766550523
14 0.34620098039215685 0.351698606271777 0.03553921568627451 0.07621951219512195
10 0.39889705882352944 0.35823170731707316 0.04779411764705882 0.07186411149825785
10 0.49387254901960786 0.3538763066202091 0.041666666666666664 0.07621951219512195
25 0.5428921568627451 0.3680313588850174 0.041666666666666664 0.09146341463414634
14 0.6415441176470589 0.3614982578397213 0.04534313725490196 0.08275261324041812
10 0.6899509803921569 0.3614982578397213 0.04656862745098039 0.078397212543554
24 0.7383578431372549 0.36912020905923343 0.04044117647058824 0.09799651567944251
19 0.7837009803921569 0.3702090592334495 0.04044117647058824 0.09146341463414634
21 0.8321078431372549 0.37347560975609756 0.04411764705882353 0.09799651567944251
25 0.8805147058823529 0.37347560975609756 0.03553921568627451 0.10235191637630663
6 0.9166666666666666 0.3473432055749129 0.031862745098039214 0.05444250871080139