29 0.033821485836451094 0.32696470588235294 0.056950828433992524 0.3911882352941176
10 0.08681453768038483 0.33874117647058827 0.045355424906467136 0.3912
20 0.1351309460181721 0.33578823529411767 0.04845269909139499 0.3735411764705882
9 0.18834580438268306 0.31029411764705883 0.04531533939070014 0.34607058823529424
31 0.2428941742383752 0.33478823529411766 0.04841261357562803 0.3206
10 0.345318011758418 0.33577647058823534 0.04659273115980757 0.3029294117647059
25 0.39964457509353285 0.33676470588235297 0.05013361838588987 0.3480588235294118
27 0.4978353821485837 0.34362352941176466 0.049652592196686315 0.31863529411764707
16 0.5512720470336718 0.32597647058823526 0.04963388562266162 0.3303882352941177
15 0.6042650988776055 0.3171529411764706 0.04872260823089249 0.30096470588235297
18 0.6463468733297703 0.3044117647058823 0.04469802244788889 0.3813764705882354
6 0.6946632816675574 0.2337764705882353 0.037111170497060364 0.19303529411764703
9 0.756560662747194 0.3053764705882353 0.05935328701229299 0.30095294117647065
21 0.8048770710849813 0.2926470588235294 0.051763762693746614 0.38136470588235305
24 0.8594281133083912 0.3210823529411765 0.045954035275253886 0.40295294117647057
6 0.9008417958311064 0.2337882352941176 0.043268305718866876 0.31071764705882354