26 0.049428921568627444 0.5990783410138248 0.036764705882352935 0.17409370199692786
27 0.09885539215686275 0.5977956989247312 0.04411764705882353 0.16129032258064516
28 0.19117647058823528 0.5939554531490016 0.04575245098039218 0.18433179723502305
21 0.2385612745098039 0.5773195084485406 0.044117647058823505 0.18177419354838714
32 0.289625 0.5811597542242704 0.051470588235294115 0.17920890937019965
10 0.38480392156862747 0.5555529953917051 0.0506544117647059 0.1228878648233487
25 0.4370906862745098 0.567073732718894 0.049019607843137254 0.15105222734254997
25 0.5253259803921568 0.5593932411674347 0.049019607843137254 0.14592933947772657
15 0.5800661764705882 0.5248310291858679 0.0392156862745098 0.09216589861751152
18 0.6172377450980392 0.5453149001536098 0.02696078431372549 0.15360983102918588
10 0.6654411764705882 0.5235560675883256 0.04656862745098039 0.1254454685099846
20 0.7156862745098039 0.5376344086021505 0.04248284313725489 0.15873271889400928
8 0.7622549019607843 0.4889938556067588 0.04738480392156861 0.06144393241167435
15 0.8096397058823529 0.5094700460829493 0.029411764705882353 0.10240399385560671
21 0.8545759803921569 0.5389170506912442 0.0392156862745098 0.15105222734254997
25 0.9003259803921568 0.5363517665130568 0.035948529411764726 0.15105222734254997
6 0.9383161764705882 0.4825883256528418 0.03349754901960786 0.053763440860215055