29 0.06225504974374435 0.4090586797066015 0.06722942417847452 0.3617114914425428
15 0.12454929152848959 0.36623471882640585 0.05314139282484172 0.27608801955990225
20 0.1757913777509798 0.3845965770171149 0.05914983418751885 0.36169926650366746
8 0.2350708471510401 0.37033007334963325 0.05108833283087128 0.3331540342298288
10 0.2918390111546578 0.37337408312958437 0.050063310220078365 0.3025794621026895
9 0.39959602050045223 0.3478973105134474 0.05755803436840521 0.28830073349633256
15 0.4573711184805547 0.3529951100244499 0.046484775399457355 0.2862713936430317
6 0.502583659933675 0.3183374083129584 0.04044015676816397 0.21694376528117365
25 0.5651251130539644 0.36523227383863077 0.07206511908350918 0.3107334963325184
26 0.6741392824841724 0.35402200488997554 0.07302984624660831 0.32498777506112475
15 0.7238739825143202 0.31223716381418093 0.05191136569189014 0.30254278728606354
10 0.7831534519143803 0.3468826405867971 0.04987940910461255 0.32294621026894876
20 0.8416792282182695 0.3366992665036675 0.055384383479047346 0.351479217603912
10 0.8992010853180585 0.31427872860635697 0.06490804944226716 0.33107579462102693