26 0.07120786516853933 0.34883256528417816 0.06751248439450687 0.41605222734255
6 0.12295880149812734 0.22972350230414748 0.0492883895131086 0.2546390168970814
19 0.19811173533083645 0.3590937019969278 0.06538389513108614 0.4672811059907834
6 0.25167915106117356 0.23998463901689707 0.04768102372034956 0.3058678955453149
18 0.3166885143570537 0.3052995391705069 0.07157927590511858 0.421152073732719
9 0.44411048689138577 0.2604761904761905 0.07673220973782768 0.3161290322580646
10 0.5203027465667915 0.27583717357910903 0.05746254681647944 0.34686635944700467
24 0.6256210986267166 0.3001689708141321 0.07146379525593002 0.3801689708141321
6 0.6812702871410736 0.18362519201228883 0.04544007490636709 0.2546236559139785
16 0.7473220973782772 0.21821812596006146 0.05893570536828961 0.33915514592933943
6 0.7982896379525593 0.16185867895545317 0.04227528089887635 0.25715821812596
25 0.8708395755305868 0.2502304147465438 0.0718913857677903 0.35709677419354835