14 0.0508578431372549 0.25917297612114154 0.03799019607843137 0.11648223645894001
21 0.09865196078431372 0.2868375072801398 0.03799019607843137 0.1485148514851485
31 0.15073529411764705 0.27955736750145604 0.04656862745098039 0.133954571927781
13 0.2536764705882353 0.25334886429819453 0.051470588235294115 0.10483401281304601
6 0.3014705882352941 0.23296447291788003 0.029411764705882353 0.05824111822947001
20 0.35171568627450983 0.267909143855562 0.049019607843137254 0.133954571927781
6 0.3952205882352941 0.22859638905066978 0.023284313725490197 0.0669772859638905
20 0.4528186274509804 0.2708211997670355 0.0428921568627451 0.133954571927781
18 0.5435049019607843 0.2708211997670355 0.03308823529411765 0.145602795573675
21 0.5974264705882353 0.26936517181129876 0.0428921568627451 0.1310425160163075
25 0.6501225490196079 0.2766453115899825 0.04534313725490196 0.13977868375072802
22 0.7389705882352942 0.2606290040768783 0.04411764705882353 0.1310425160163075
27 0.7947303921568627 0.26354105998835176 0.0428921568627451 0.1252184041933605
19 0.8388480392156863 0.26354105998835176 0.03553921568627451 0.1252184041933605
6 0.8737745098039216 0.24024461269656378 0.024509803921568627 0.09609784507862551
25 0.9325980392156863 0.25334886429819453 0.04411764705882353 0.11648223645894001