10 0.056372549019607844 0.6847360912981455 0.04656862745098039 0.34236804564907275
18 0.0974264705882353 0.6954350927246791 0.028186274509803922 0.44935805991440797
26 0.20098039215686275 0.7203994293865906 0.051470588235294115 0.37089871611982883
6 0.2506127450980392 0.6134094151212554 0.030637254901960783 0.18544935805991442
30 0.30514705882352944 0.68830242510699 0.04411764705882353 0.3780313837375178
15 0.3553921568627451 0.6348074179743224 0.041666666666666664 0.2710413694721826
18 0.43504901960784315 0.68830242510699 0.0392156862745098 0.39229671897289586
18 0.48590686274509803 0.6847360912981455 0.04044117647058824 0.38516405135520687
10 0.5416666666666666 0.6348074179743224 0.04411764705882353 0.28530670470756064
13 0.5876225490196079 0.6169757489300999 0.03799019607843137 0.23537803138373753
21 0.633578431372549 0.6562054208273894 0.041666666666666664 0.3281027104136947
26 0.7218137254901961 0.645506419400856 0.04656862745098039 0.3209700427960057
6 0.7653186274509803 0.5599144079885877 0.025735294117647058 0.14978601997146934
24 0.8131127450980392 0.645506419400856 0.04044117647058824 0.33523537803138376
9 0.8615196078431373 0.5848787446504993 0.03676470588235294 0.24251069900142652
10 0.9050245098039216 0.5670470756062768 0.04044117647058824 0.24964336661911554