19 0.06368863049095608 0.2944093178036606 0.05201227390180878 0.41875207986688845
15 0.12056201550387596 0.29996672212978365 0.05593992248062017 0.4076539101497504
32 0.2368184754521964 0.29349417637271213 0.06881136950904392 0.4501830282861896
6 0.2892086563307493 0.2972046589018303 0.048698320413436684 0.47978369384359404
22 0.3532558139534884 0.2740765391014975 0.04975129198966411 0.4668219633943428
6 0.4031330749354005 0.28148086522462556 0.04614341085271322 0.43723793677204653
26 0.4600032299741602 0.282396006655574 0.05868217054263561 0.45018302828618967
21 0.5177745478036175 0.27129783693843595 0.053636950904392744 0.40579034941763725
10 0.6270348837209302 0.2722296173044925 0.04605943152454777 0.44093178036605657
25 0.6796027131782947 0.26667221297836935 0.04998708010335924 0.4076372712146422
24 0.7887338501291989 0.2648419301164725 0.06584302325581406 0.38178036605657234
21 0.8405846253229974 0.22785357737104825 0.05111111111111104 0.3965557404326124
16 0.8949483204134367 0.23154742096505823 0.04570736434108534 0.3817637271214642
21 0.9469767441860466 0.24449251247920134 0.05071059431524548 0.3854742096505823