19 0.04044117647058824 0.3320874065554917 0.04656862745098039 0.16388729154686602
6 0.08823529411764706 0.28895917193789533 0.03676470588235294 0.07763082231167337
19 0.14522058823529413 0.3320874065554917 0.05759803921568627 0.15238642898217367
6 0.19424019607843138 0.28895917193789533 0.03799019607843137 0.0718803910293272
18 0.2959558823529412 0.34071305347901093 0.028186274509803922 0.17538815411155836
10 0.3602941176470588 0.3033352501437608 0.04656862745098039 0.10063254744105808
10 0.41482843137254904 0.3033352501437608 0.04779411764705882 0.10638297872340426
27 0.5134803921568627 0.3191489361702128 0.049019607843137254 0.13801035077630822
20 0.5667892156862745 0.31483611270845313 0.05269607843137255 0.12938470385278897
18 0.6636029411764706 0.31483611270845313 0.04044117647058824 0.15238642898217367
15 0.7230392156862745 0.2903967797584819 0.049019607843137254 0.10350776308223117
7 0.7714460784313726 0.2875215641173088 0.04534313725490196 0.10925819436457734
24 0.8278186274509803 0.30764807360552043 0.0428921568627451 0.15526164462334674
21 0.8799019607843137 0.3033352501437608 0.049019607843137254 0.13513513513513514