6 0.04136789851075565 0.5421686746987951 0.035852178709321565 0.11187607573149742
24 0.10204081632653061 0.5981067125645438 0.049641478212906785 0.20654044750430292
24 0.15306122448979592 0.6024096385542169 0.049641478212906785 0.19793459552495696
15 0.21097628240485383 0.5744406196213425 0.04136789851075565 0.1333907056798623
7 0.2544125758411473 0.5744406196213425 0.03723110865968009 0.15060240963855423
6 0.30819084390512963 0.5421686746987951 0.03723110865968009 0.09466437177280551
6 0.4371207942636514 0.5572289156626506 0.03861003861003861 0.10757314974182444
24 0.4798676227247656 0.6002581755593803 0.049641478212906785 0.22805507745266781
25 0.5357142857142857 0.6024096385542169 0.04550468836183122 0.22375215146299485
10 0.5881136238279095 0.572289156626506 0.04550468836183122 0.16351118760757316
20 0.6418918918918919 0.6024096385542169 0.05102040816326531 0.20654044750430292
6 0.6894649751792609 0.5292598967297762 0.0441257584114727 0.11187607573149742
18 0.7418643132928847 0.6002581755593803 0.04136789851075565 0.22805507745266781