9 0.048738225086762524 0.32055718475073314 0.03137332672285572 0.2175219941348974
24 0.08261031234506692 0.34907624633431084 0.033014377788795256 0.2061290322580646
6 0.1140059494298463 0.28061583577712607 0.023088745661874067 0.14741935483870972
13 0.1511824491819534 0.331158357771261 0.034640555280118994 0.2484897360703812
21 0.1861551809618245 0.34256598240469205 0.0318740704015865 0.27130498533724334
20 0.22168071393158156 0.3344134897360704 0.03681705503222608 0.27456011730205276
7 0.2876351016360932 0.3034457478005865 0.031559246405552785 0.2126099706744868
6 0.3209568666336143 0.2724780058651027 0.02879276152702035 0.1897800586510264
18 0.35579325731284084 0.3189296187683284 0.02409766980664354 0.2924780058651027
32 0.43097174020823004 0.31730205278592377 0.042245909766980685 0.2696627565982405
10 0.49527516113039166 0.3050733137829912 0.033683688646504735 0.23543988269794724
18 0.5257064947942488 0.3148533724340176 0.023485374318294443 0.2745454545454546
19 0.5931036192364898 0.30997067448680354 0.034330689142290476 0.26476539589442816
10 0.6279400099157164 0.2985483870967742 0.032942488844819116 0.24193548387096775
16 0.6620872583044125 0.291217008797654 0.03182697074863667 0.23705278592375362
21 0.6940332176499752 0.32137829912023463 0.026306395637084753 0.26803519061583586
24 0.7281804660386713 0.32055718475073314 0.03510659395141296 0.25662756598240466
6 0.7849107585523054 0.2716568914956012 0.029578582052553225 0.15881231671554252
20 0.8223624194348041 0.3115982404692082 0.035071888943976094 0.24847507331378305
15 0.8562345066931086 0.2920381231671554 0.030101636093207807 0.24846041055718474
19 0.8862518591968269 0.29530791788856303 0.027337630143777825 0.29409090909090907
10 0.9201239464551314 0.2724780058651027 0.032280614774417515 0.2484457478005865