18 0.03939223410241981 0.5975 0.030951041080472707 0.245
6 0.08863252673044457 0.515 0.03657850309510411 0.06
8 0.2046989307822172 0.4925 0.04642656162070906 0.075
6 0.24549803038829487 0.485 0.026730444569499155 0.09
18 0.30388294879009564 0.5325 0.04220596510973551 0.205
18 0.3552335396736072 0.535 0.037985368598761955 0.22
10 0.4157287563308948 0.4825 0.04924029262802476 0.135
10 0.516319639842431 0.4775 0.050647158131682614 0.145
25 0.5676702307259426 0.495 0.04642656162070906 0.19
26 0.6190208216094542 0.49 0.04220596510973551 0.23
6 0.6584130557118739 0.42 0.030951041080472707 0.07
28 0.7660382667416995 0.485 0.05205402363534046 0.19
6 0.8040236353404615 0.415 0.023916713562183455 0.08
8 0.8595948227349466 0.405 0.05346088913899831 0.08
15 0.910945413618458 0.4175 0.03517163759144626 0.135
6 0.9524479459763646 0.3825 0.04220596510973551 0.075