19 0.07696390658174097 0.6304138594802695 0.05042462845010616 0.22136669874879691
10 0.12407112526539278 0.591915303176131 0.04378980891719745 0.17324350336862368
13 0.23354564755838642 0.6015399422521656 0.058386411889596604 0.15399422521655437
15 0.2892781316348195 0.5846968238691049 0.04246284501061571 0.14918190567853706
24 0.3416932059447983 0.6231953801732435 0.04909766454352442 0.2358036573628489
6 0.39012738853503187 0.5461982675649664 0.05307855626326964 0.11068334937439846
18 0.496947983014862 0.6135707410972089 0.04909766454352442 0.3224254090471607
6 0.5506900212314225 0.5317613089509143 0.037154989384288746 0.12993262752646775
8 0.6628184713375797 0.5293551491819056 0.059713375796178345 0.1347449470644851
6 0.7158970276008493 0.5076997112608277 0.04378980891719745 0.14918190567853706
7 0.7729564755838642 0.548604427333975 0.04113588110403397 0.17324350336862368
10 0.8366507430997877 0.5534167468719923 0.05440552016985138 0.17324350336862368
32 0.8923832271762208 0.6063522617901829 0.05440552016985138 0.2694898941289702
6 0.9375 0.5149181905678537 0.030520169851380043 0.09624639076034648