9 0.0855514705882353 0.33392753623188404 0.04365196078431373 0.2717246376811594
15 0.12904901960784312 0.3423913043478261 0.03996078431372548 0.30314492753623185
10 0.17254411764705882 0.338768115942029 0.04116911764705883 0.33937681159420285
32 0.2174705882352941 0.3484347826086956 0.04278676470588234 0.35871014492753617
26 0.3030343137254902 0.3242753623188406 0.03989460784313725 0.33937681159420285
15 0.34796323529411766 0.3145942028985507 0.03661029411764703 0.2620434782608696
24 0.3867622549019608 0.32185507246376815 0.035779411764705886 0.33453623188405796
6 0.4225 0.24694202898550724 0.031272058823529444 0.21368115942028984
9 0.4692622549019608 0.2699130434782609 0.048818627450980354 0.3320869565217391
6 0.5035710784313726 0.19742028985507246 0.029200980392156888 0.3030434782608695
25 0.5538039215686275 0.2892463768115942 0.05123529411764705 0.37075362318840577
6 0.6246666666666666 0.26507246376811594 0.03854901960784308 0.29342028985507246
18 0.6681642156862745 0.2771594202898551 0.034857843137254964 0.3465942028985507
27 0.7582205882352941 0.2674927536231884 0.040948529411764634 0.35624637681159427
20 0.7943651960784315 0.24213043478260868 0.04216176470588246 0.3779855072463769
21 0.8354117647058824 0.23126086956521738 0.04337009803921564 0.3997246376811595