8 0.05857181498512307 0.2890840652446675 0.04952123343251284 0.27284818067754074
15 0.10725182580470652 0.3005897114178168 0.044092507438463616 0.30841907151819326
20 0.1554801190154179 0.3162860727728984 0.043172842845550466 0.3272521957340025
8 0.20393291858263457 0.31627352572145545 0.04000000000000003 0.277051442910916
21 0.24923180957533134 0.30790464240903387 0.04133621855558559 0.28542032622333746
26 0.34163105220449014 0.2890840652446675 0.047611576954287256 0.2979548306148055
6 0.3758885582905058 0.26816813048933497 0.02956992155802006 0.30631116687578414
8 0.4299756559372464 0.2765370138017566 0.04577495266432243 0.27284818067754074
21 0.4752745469299432 0.2744416562107904 0.03629429266973217 0.2686574654956085
25 0.5198945090614011 0.26293601003764117 0.04439004598322968 0.30839397741530733
8 0.6055342169326481 0.22841907151819324 0.03714633486610763 0.27700125470514425
21 0.6485799296727076 0.2472521957340025 0.04479307546659463 0.31466750313676284
20 0.6941033270219096 0.23155583437892097 0.043873410873681316 0.29582183186951067
26 0.7815444955369218 0.22005018820577163 0.040235325939951314 0.285357590966123
21 0.820308358128212 0.22110414052697616 0.04202326210440889 0.29999999999999993
17 0.8617771165810115 0.20750313676286072 0.03299431971869071 0.26025094102885815
15 0.9045956180687044 0.19913425345043917 0.0374844468487963 0.24351317440401504
21 0.9514714633486611 0.20122961104140527 0.05008655666756832 0.27279799247176906