19 0.049264319495533365 0.677536231884058 0.04860746190225959 0.427536231884058
15 0.11100893326326852 0.6086956521739131 0.05911718339464004 0.3188405797101449
29 0.23581187598528638 0.6413043478260869 0.07488176563321072 0.4420289855072464
15 0.31003678402522333 0.5760869565217391 0.0604308985811876 0.2971014492753623
12 0.3711245401996847 0.5688405797101449 0.045980031529164474 0.2971014492753623
15 0.4328691539674199 0.5507246376811594 0.06174461376773516 0.2753623188405797
20 0.4978980557015239 0.5978260869565217 0.049921177088807146 0.39855072463768115
21 0.5596426694692591 0.605072463768116 0.055176037834997374 0.3695652173913043
25 0.675249605885444 0.5869565217391305 0.07619548081975827 0.391304347826087
15 0.7448765107724645 0.5144927536231884 0.049921177088807146 0.2898550724637681
24 0.8072779821334735 0.5797101449275363 0.0512348922753547 0.37681159420289856
28 0.8723068838675775 0.5652173913043478 0.055176037834997374 0.391304347826087
10 0.9268260641093011 0.4782608695652174 0.05386232264844982 0.2608695652173913