10 0.026348039215686275 0.5122422680412371 0.03553921568627451 0.26417525773195877
18 0.05943627450980392 0.5541237113402062 0.020833333333333332 0.32216494845360827
18 0.10600490196078431 0.5702319587628866 0.028186274509803922 0.31572164948453607
6 0.15073529411764705 0.47036082474226804 0.02696078431372549 0.12886597938144329
26 0.25183823529411764 0.5315721649484536 0.0428921568627451 0.3286082474226804
15 0.29963235294117646 0.4896907216494845 0.03308823529411765 0.25773195876288657
10 0.34191176470588236 0.5122422680412371 0.03431372549019608 0.25128865979381443
20 0.38848039215686275 0.5186855670103093 0.03431372549019608 0.3286082474226804
10 0.4319852941176471 0.48646907216494845 0.0428921568627451 0.22551546391752578
20 0.5202205882352942 0.5025773195876289 0.05024509803921569 0.2706185567010309
27 0.5674019607843137 0.5186855670103093 0.03676470588235294 0.28994845360824745
10 0.6078431372549019 0.47036082474226804 0.03676470588235294 0.2190721649484536
28 0.6519607843137255 0.5057989690721649 0.04656862745098039 0.30283505154639173
21 0.6991421568627451 0.4896907216494845 0.03799019607843137 0.2963917525773196
8 0.7849264705882353 0.4027061855670103 0.04044117647058824 0.22551546391752578
6 0.8259803921568627 0.3962628865979381 0.022058823529411766 0.19974226804123713
24 0.8743872549019608 0.47680412371134023 0.04779411764705882 0.2706185567010309
24 0.9203431372549019 0.4574742268041237 0.03431372549019608 0.25773195876288657
21 0.9613970588235294 0.46713917525773196 0.03799019607843137 0.26417525773195877