31 0.09150245098039216 0.6425072463768116 0.027776960784313735 0.2995217391304347
6 0.1213235294117647 0.5507246376811594 0.030227941176470586 0.10627536231884063
10 0.20506617647058822 0.5966231884057971 0.026144607843137272 0.22705797101449268
25 0.24550735294117643 0.6135217391304347 0.03349754901960783 0.26086956521739124
7 0.31045833333333334 0.5652173913043478 0.027776960784313708 0.17391304347826086
15 0.3553921568627451 0.5821304347826087 0.026144607843137272 0.17873913043478268
10 0.3897058823529412 0.5845362318840579 0.03758088235294116 0.17391304347826086
20 0.4293308823529412 0.6280144927536232 0.03839950980392159 0.2705362318840579
26 0.49795833333333334 0.6086956521739131 0.03676470588235294 0.2608695652173913
6 0.5302279411764705 0.5241594202898551 0.022874999999999982 0.11111594202898545
24 0.5706691176470589 0.589376811594203 0.0351299019607843 0.2608695652173913
9 0.6102941176470589 0.5555507246376812 0.027776960784313708 0.17391304347826086
10 0.6450171568627451 0.572463768115942 0.031862745098039214 0.19807246376811588
25 0.7487745098039216 0.589376811594203 0.03839950980392159 0.2705362318840579
14 0.7875808823529412 0.5676376811594203 0.032678921568627436 0.18840579710144928
24 0.8259803921568627 0.5700434782608695 0.031046568627450997 0.2608695652173913
10 0.8582524509803922 0.5410579710144927 0.028595588235294137 0.2028985507246377
17 0.8888897058823529 0.5748840579710145 0.024509803921568627 0.2608695652173913