23 0.07357292602575621 0.2726262626262626 0.060293501048218026 0.2945903479236813
27 0.13371069182389936 0.2847811447811448 0.05178496555855046 0.28524130190796854
15 0.194094040131776 0.2698092031425365 0.052761305780173726 0.25529741863075195
10 0.24999101527403414 0.2623232323232323 0.05074273734651095 0.2627721661054994
20 0.3151153039832285 0.2585858585858586 0.06419287211740043 0.27774410774410774
8 0.4321473495058401 0.23800224466891134 0.049676549865229076 0.23656565656565653
21 0.49303084755914944 0.2604601571268238 0.057640011979634635 0.2814927048260382
19 0.5434351602276131 0.24548821548821545 0.05662174303683736 0.2964421997755331
15 0.6008265947888589 0.2529741863075196 0.057598083258460664 0.3114253647586981
21 0.6634591194968553 0.2567227833894501 0.06007187780772684 0.341358024691358
22 0.7757472297094938 0.2510998877665544 0.06901168014375571 0.2852188552188552
6 0.826900269541779 0.1781257014590348 0.04853249475890991 0.22904601571268235
20 0.9000119796346211 0.2118069584736251 0.06597184785864023 0.273973063973064