10 0.05514705882352941 0.4932491289198606 0.0392156862745098 0.07621951219512195
18 0.10661764705882353 0.508493031358885 0.04656862745098039 0.10670731707317073
25 0.20526960784313725 0.5052264808362369 0.05514705882352941 0.10888501742160278
21 0.2653186274509804 0.4997822299651568 0.0428921568627451 0.10670731707317073
18 0.31004901960784315 0.48998257839721254 0.029411764705882353 0.1132404181184669
10 0.4221813725490196 0.47473867595818814 0.03799019607843137 0.09146341463414634
25 0.47549019607843135 0.4878048780487805 0.04656862745098039 0.10452961672473868
8 0.571078431372549 0.45078397212543553 0.04411764705882353 0.05226480836236934
6 0.6127450980392157 0.4453397212543554 0.03676470588235294 0.05879790940766551
18 0.6666666666666666 0.48889372822299654 0.03676470588235294 0.10670731707317073
15 0.7236519607843137 0.45622822299651566 0.04779411764705882 0.06315331010452961
10 0.7696078431372549 0.4573170731707317 0.03676470588235294 0.0740418118466899
20 0.8223039215686274 0.4780052264808362 0.041666666666666664 0.10670731707317073
26 0.8682598039215687 0.4780052264808362 0.03553921568627451 0.10670731707317073
10 0.9111519607843137 0.4594947735191638 0.05024509803921569 0.08710801393728224