25 0.049019607843137254 0.6016042780748663 0.051470588235294115 0.3609625668449198
15 0.10355392156862746 0.5414438502673797 0.05514705882352941 0.24064171122994651
18 0.1881127450980392 0.6116310160427807 0.04779411764705882 0.35427807486631013
6 0.23958333333333334 0.5147058823529411 0.0428921568627451 0.18716577540106952
28 0.3400735294117647 0.5815508021390374 0.05269607843137255 0.3877005347593583
10 0.39276960784313725 0.5548128342245989 0.04044117647058824 0.22727272727272727
20 0.4411764705882353 0.6082887700534759 0.041666666666666664 0.3074866310160428
6 0.48223039215686275 0.5414438502673797 0.03308823529411765 0.20053475935828877
9 0.5355392156862745 0.5648395721925134 0.041666666666666664 0.2339572192513369
6 0.5735294117647058 0.5046791443850267 0.03676470588235294 0.14037433155080214
10 0.6746323529411765 0.5614973262032086 0.04534313725490196 0.24064171122994651
25 0.7218137254901961 0.5949197860962567 0.051470588235294115 0.3609625668449198
28 0.8174019607843137 0.6149732620320856 0.04411764705882353 0.3074866310160428
15 0.8621323529411765 0.5447860962566845 0.04779411764705882 0.2072192513368984
20 0.9093137254901961 0.5982620320855615 0.04411764705882353 0.3141711229946524
21 0.9534313725490197 0.6082887700534759 0.04411764705882353 0.32085561497326204