25 0.05720964566929134 0.32325581395348835 0.04552165354330709 0.20930232558139536
15 0.10273129921259842 0.3023255813953488 0.043061023622047244 0.13953488372093023
18 0.16793799212598426 0.32325581395348835 0.028297244094488187 0.17209302325581396
6 0.20361712598425197 0.26976744186046514 0.04798228346456693 0.11162790697674418
28 0.2768208661417323 0.3186046511627907 0.041830708661417325 0.19069767441860466
15 0.31803641732283466 0.2837209302325581 0.043061023622047244 0.12093023255813953
9 0.35679133858267714 0.29069767441860467 0.03198818897637795 0.16279069767441862
6 0.3838582677165354 0.26046511627906976 0.024606299212598427 0.10232558139534884
26 0.4595226377952756 0.3186046511627907 0.043061023622047244 0.17209302325581396
10 0.500738188976378 0.28837209302325584 0.0344488188976378 0.12093023255813953
9 0.5665600393700787 0.29069767441860467 0.035679133858267716 0.17209302325581396
6 0.5954724409448819 0.2534883720930233 0.027066929133858268 0.09767441860465116
18 0.6637549212598425 0.30697674418604654 0.04552165354330709 0.22325581395348837
6 0.70189468503937 0.2558139534883721 0.035679133858267716 0.12093023255813953
10 0.7757135826771654 0.28837209302325584 0.0406003937007874 0.15813953488372093
25 0.8138533464566929 0.3023255813953488 0.028297244094488187 0.19534883720930232
22 0.8476870078740157 0.29767441860465116 0.03198818897637795 0.18604651162790697
6 0.874753937007874 0.26744186046511625 0.024606299212598427 0.12558139534883722
18 0.9073572834645669 0.28604651162790695 0.030757874015748032 0.2
9 0.9448818897637795 0.26744186046511625 0.02952755905511811 0.16279069767441862
6 0.9719488188976378 0.24883720930232558 0.01968503937007874 0.11627906976744186
9 0.054133858267716536 0.5186046511627908 0.041830708661417325 0.16279069767441862
6 0.08427657480314961 0.4930232558139535 0.013533464566929134 0.08372093023255814
18 0.12303149606299213 0.5488372093023256 0.027066929133858268 0.21395348837209302
10 0.16916830708661418 0.5093023255813953 0.035679133858267716 0.13488372093023257
27 0.23991141732283464 0.5395348837209303 0.03937007874015748 0.18604651162790697
20 0.28051181102362205 0.5302325581395348 0.03198818897637795 0.18604651162790697
6 0.313115157480315 0.4883720930232558 0.03321850393700788 0.08372093023255814
20 0.38816437007874016 0.5255813953488372 0.03813976377952756 0.17674418604651163
6 0.421998031496063 0.48604651162790696 0.02952755905511811 0.09767441860465116
18 0.45890748031496065 0.5279069767441861 0.02952755905511811 0.1813953488372093
13 0.500738188976378 0.5046511627906977 0.041830708661417325 0.14418604651162792
6 0.532111220472441 0.4813953488372093 0.028297244094488187 0.09767441860465116
9 0.5702509842519685 0.48372093023255813 0.03813976377952756 0.12093023255813953
6 0.6022391732283464 0.4813953488372093 0.023375984251968504 0.09767441860465116