7 0.05509463313456054 0.5656759348034516 0.04018667358050298 0.1725790987535954
10 0.13093077521389682 0.5632790028763183 0.05703914959813326 0.186960690316395
20 0.1976925071298937 0.5896452540747843 0.05833549390718175 0.2972195589645254
9 0.26575058335493906 0.524928092042186 0.0622245268343272 0.21572387344199426
15 0.33251231527093594 0.5273250239693192 0.045372050816696916 0.23010546500479387
8 0.4025149079595541 0.4650047938638543 0.05833549390718175 0.10546500479386385
15 0.4653876069484055 0.5009587727708533 0.046668395125745395 0.1965484180249281
21 0.5269639616282085 0.5393096836049857 0.060928182525278714 0.30201342281879195
20 0.5963183821623023 0.5297219558964525 0.06740990407052114 0.29242569511025884
10 0.662431941923775 0.4793863854266539 0.05963183821623023 0.2109300095877277
25 0.7298418459942961 0.5081495685522531 0.07259528130671507 0.28763183125599234
26 0.852994555353902 0.49616490891658677 0.07518796992481203 0.2828379674017258
27 0.9197562872698989 0.4913710450623202 0.05574280528908478 0.2828379674017258