22 0.08874967371443487 0.24260355029585798 0.06264682850430697 0.40236686390532544
10 0.17032106499608457 0.1863905325443787 0.061341686243800576 0.25443786982248523
24 0.2440616027146959 0.2514792899408284 0.06003654398329418 0.39644970414201186
24 0.3230227094753328 0.23964497041420119 0.07178282432785174 0.34911242603550297
21 0.4045941007569825 0.2485207100591716 0.06003654398329418 0.40236686390532544
13 0.5579483163664839 0.17751479289940827 0.061341686243800576 0.23668639053254437
27 0.631036282954842 0.23372781065088757 0.058731401722787784 0.3609467455621302
6 0.683894544505351 0.10355029585798817 0.05220569042025581 0.11242603550295859
26 0.7713390759592795 0.21301775147928995 0.07569825110937092 0.378698224852071
21 0.8450796136778909 0.22189349112426035 0.06395197076481336 0.38461538461538464
20 0.9096841555729575 0.20710059171597633 0.07308796658835813 0.41420118343195267