31 0.06741848492277519 0.31569965870307165 0.04167688158862466 0.3583617747440273
6 0.10664378524148076 0.21331058020477817 0.029418975239029175 0.13083048919226395
16 0.21880362834027947 0.27588168373151306 0.0649669036528561 0.36973833902161546
6 0.26538367246874234 0.2360637087599545 0.02329002206423143 0.11945392491467577
18 0.3174797744545232 0.3412969283276451 0.031870556508948274 0.32992036405005687
21 0.37815641088502083 0.33276450511945393 0.0576121598430988 0.2901023890784983
18 0.4707036038244668 0.34698521046643915 0.04167688158862466 0.3185437997724687
6 0.51605785731797 0.270193401592719 0.03432213777886737 0.15358361774744028
15 0.6190242706545722 0.3213879408418658 0.049031625398381955 0.267349260523322
6 0.663152733513116 0.2901023890784983 0.031870556508948274 0.17064846416382254
16 0.766119146849718 0.31285551763367464 0.05393478793822015 0.23890784982935154
10 0.8188281441529787 0.3213879408418658 0.036773719048786464 0.2445961319681456
25 0.8617308163765629 0.36973833902161546 0.04167688158862466 0.30716723549488056