22 0.045554396941258256 0.2857233704292528 0.06098713938129998 0.3771224165341812
27 0.11641293013555788 0.3104610492845786 0.05207855404935698 0.4054054054054054
19 0.18803614876607577 0.2936724960254372 0.06324991310392772 0.38243243243243247
6 0.25290928050052136 0.26715421303656595 0.04469238790406671 0.32941176470588235
25 0.3289746263468891 0.3042766295707472 0.07632603406326036 0.42484896661367255
10 0.4726173096976017 0.2733545310015898 0.05773722627737231 0.39478537360890303
18 0.5326624956551964 0.278664546899841 0.04574556830031287 0.4478060413354531
19 0.6722488703510601 0.3104610492845787 0.06306916927354878 0.3842130365659778
10 0.7419464720194647 0.2795230524642289 0.06111226972540839 0.3329411764705882
16 0.8041119221411192 0.2936724960254372 0.05104970455335415 0.36122416534181234
21 0.8642057698992006 0.30251192368839425 0.0646402502606883 0.38952305246422886
24 0.9352519986096628 0.3007472178060413 0.06306916927354878 0.3859936406995231