10 0.058823529411764705 0.6075783972125436 0.056372549019607844 0.10017421602787456
18 0.10477941176470588 0.6293554006968641 0.03553921568627451 0.1480836236933798
25 0.22058823529411764 0.6217334494773519 0.07107843137254902 0.1284843205574913
21 0.28799019607843135 0.6130226480836237 0.049019607843137254 0.1328397212543554
18 0.3400735294117647 0.6108449477351916 0.04779411764705882 0.15026132404181183
25 0.45955882352941174 0.6032229965156795 0.05392156862745098 0.13501742160278746
6 0.5098039215686274 0.5618466898954704 0.041666666666666664 0.05662020905923345
18 0.5680147058823529 0.5912456445993032 0.0428921568627451 0.1328397212543554
10 0.633578431372549 0.5738240418118467 0.061274509803921566 0.09799651567944251
14 0.7463235294117647 0.5672909407665505 0.0661764705882353 0.09364111498257839
21 0.8082107843137255 0.5792682926829268 0.06004901960784314 0.13501742160278746
31 0.8743872549019608 0.5825348432055749 0.06004901960784314 0.11977351916376307