23 0.05575980392156863 0.3055260361317747 0.04534313725490196 0.34537725823591925
27 0.11825980392156862 0.3161530286928799 0.05024509803921569 0.3028692879914984
10 0.17892156862745098 0.2736450584484591 0.05392156862745098 0.22848034006376194
22 0.2971813725490196 0.3134962805526036 0.06495098039215687 0.3294367693942614
6 0.3480392156862745 0.21253985122210414 0.03431372549019608 0.1381509032943677
25 0.41605392156862747 0.3002125398512221 0.05759803921568627 0.34537725823591925
21 0.47794117647058826 0.3241232731137088 0.049019607843137254 0.2975557917109458
6 0.5778186274509803 0.21785334750265675 0.025735294117647058 0.1594048884165781
14 0.6433823529411765 0.27098831030818277 0.04656862745098039 0.255047821466525
15 0.6979166666666666 0.255047821466525 0.05514705882352941 0.22316684378320936
19 0.8045343137254902 0.2922422954303932 0.05269607843137255 0.2763018065887354
6 0.8462009803921569 0.22051009564293306 0.030637254901960783 0.15409139213602552
31 0.9105392156862745 0.3161530286928799 0.06372549019607843 0.281615302869288