28 0.05759803921568627 0.5953467153284672 0.056372549019607844 0.3056569343065693
6 0.10600490196078431 0.4927007299270073 0.03799019607843137 0.10948905109489052
19 0.17340686274509803 0.5770985401459854 0.06740196078431372 0.26916058394160586
21 0.23897058823529413 0.5702554744525548 0.041666666666666664 0.291970802919708
25 0.3002450980392157 0.5428832116788321 0.07107843137254902 0.2737226277372263
6 0.40870098039215685 0.4607664233576642 0.05269607843137255 0.12773722627737227
18 0.46875 0.5246350364963503 0.04534313725490196 0.3010948905109489
6 0.5220588235294118 0.4356751824817518 0.051470588235294115 0.10492700729927007
25 0.6403186274509803 0.5041058394160584 0.07230392156862746 0.2965328467153285
6 0.6966911764705882 0.40374087591240876 0.04044117647058824 0.08667883211678833
20 0.7653186274509803 0.4904197080291971 0.05759803921568627 0.26003649635036497
26 0.8216911764705882 0.4835766423357664 0.05514705882352941 0.28284671532846717
6 0.875 0.39461678832116787 0.04656862745098039 0.12317518248175183