26 0.03799019607843137 0.5247578040904198 0.041666666666666664 0.317545748116254
6 0.08762254901960784 0.41980624327233584 0.03308823529411765 0.0968783638320775
8 0.1568627450980392 0.4278794402583423 0.04656862745098039 0.14531754574811626
21 0.21507352941176472 0.527448869752422 0.05269607843137255 0.31216361679224974
25 0.27879901960784315 0.5382131324004306 0.06740196078431372 0.32292787944025836
10 0.39828431372549017 0.48439181916038754 0.061274509803921566 0.2691065662002153
18 0.45159313725490197 0.5247578040904198 0.03308823529411765 0.32831001076426264
8 0.5741421568627451 0.43057050592034446 0.06004901960784314 0.16146393972012918
14 0.6390931372549019 0.47631862217438103 0.05759803921568627 0.20990312163616792
15 0.6979166666666666 0.48439181916038754 0.05269607843137255 0.22604951560818085
20 0.7628676470588235 0.5328310010764262 0.05269607843137255 0.31216361679224974
13 0.8216911764705882 0.48708288482238965 0.05759803921568627 0.1991388589881593
21 0.8829656862745098 0.5382131324004306 0.05269607843137255 0.3444564047362756
20 0.946078431372549 0.527448869752422 0.061274509803921566 0.35522066738428415