26 0.04044117647058824 0.6075783972125436 0.07107843137254902 0.1437282229965157
27 0.1053921568627451 0.6162891986062717 0.056372549019607844 0.12630662020905922
28 0.21262254901960784 0.6152003484320557 0.06495098039215687 0.14590592334494773
21 0.2775735294117647 0.6152003484320557 0.05759803921568627 0.1328397212543554
32 0.3388480392156863 0.623911149825784 0.06495098039215687 0.1284843205574913
10 0.4577205882352941 0.6064895470383276 0.06740196078431372 0.10235191637630663
25 0.5269607843137255 0.625 0.07107843137254902 0.13066202090592335
25 0.6354166666666666 0.623911149825784 0.07230392156862746 0.12412891986062717
27 0.7022058823529411 0.6293554006968641 0.061274509803921566 0.13501742160278746
6 0.7549019607843137 0.5825348432055749 0.04411764705882353 0.06750871080139373
28 0.8247549019607843 0.6326219512195121 0.0661764705882353 0.14155052264808363
10 0.8841911764705882 0.6108449477351916 0.06004901960784314 0.10235191637630663