10 0.028799019607843136 0.352787456445993 0.03799019607843137 0.10017421602787456
18 0.07352941176470588 0.3560540069686411 0.02696078431372549 0.1328397212543554
26 0.20098039215686275 0.3604094076655052 0.05392156862745098 0.11977351916376307
24 0.25919117647058826 0.36476480836236935 0.05024509803921569 0.11541811846689895
10 0.3167892156862745 0.3614982578397213 0.0428921568627451 0.11759581881533102
20 0.3713235294117647 0.3680313588850174 0.061274509803921566 0.11759581881533102
28 0.4877450980392157 0.36912020905923343 0.05392156862745098 0.11541811846689895
6 0.5330882352941176 0.32992160278745647 0.041666666666666664 0.05008710801393728
18 0.647671568627451 0.3669425087108014 0.03799019607843137 0.12412891986062717
10 0.7162990196078431 0.352787456445993 0.04534313725490196 0.09581881533101046
20 0.7720588235294118 0.3636759581881533 0.041666666666666664 0.12195121951219512
26 0.8272058823529411 0.36585365853658536 0.04656862745098039 0.11759581881533102
21 0.8799019607843137 0.3636759581881533 0.049019607843137254 0.1132404181184669