22 0.05759803921568627 0.2939895470383275 0.041666666666666664 0.10452961672473868
6 0.0974264705882353 0.2700348432055749 0.030637254901960783 0.05226480836236934
22 0.15134803921568626 0.29507839721254353 0.04044117647058824 0.10235191637630663
6 0.19117647058823528 0.2656794425087108 0.03676470588235294 0.05662020905923345
26 0.29411764705882354 0.2939895470383275 0.05392156862745098 0.10888501742160278
15 0.3443627450980392 0.2863675958188153 0.03431372549019608 0.08928571428571429
10 0.3909313725490196 0.2863675958188153 0.051470588235294115 0.08057491289198607
20 0.43933823529411764 0.29943379790940766 0.04044117647058824 0.10670731707317073
10 0.48590686274509803 0.2939895470383275 0.05024509803921569 0.09146341463414634
27 0.5735294117647058 0.3037891986062718 0.049019607843137254 0.09799651567944251
20 0.6286764705882353 0.3037891986062718 0.04656862745098039 0.10670731707317073
8 0.7248774509803921 0.27547909407665505 0.04779411764705882 0.05879790940766551
6 0.7622549019607843 0.2700348432055749 0.031862745098039214 0.06533101045296168
24 0.8155637254901961 0.2939895470383275 0.05024509803921569 0.10452961672473868
24 0.8651960784313726 0.3016114982578397 0.05392156862745098 0.10670731707317073
21 0.9129901960784313 0.30705574912891986 0.041666666666666664 0.10017421602787456