10 0.03125 0.3125 0.03799019607843137 0.07621951219512195
18 0.0778186274509804 0.32229965156794427 0.03308823529411765 0.11759581881533102
24 0.19730392156862744 0.31467770034843207 0.058823529411764705 0.11106271777003485
15 0.26286764705882354 0.30923344947735193 0.05024509803921569 0.08275261324041812
21 0.3167892156862745 0.31903310104529614 0.05024509803921569 0.09799651567944251
25 0.42892156862745096 0.3125 0.061274509803921566 0.08928571428571429
27 0.4846813725490196 0.31032229965156793 0.04779411764705882 0.10235191637630663
10 0.5392156862745098 0.3016114982578397 0.04411764705882353 0.07621951219512195
20 0.5876225490196079 0.30923344947735193 0.04779411764705882 0.10017421602787456
6 0.6348039215686274 0.2776567944250871 0.03676470588235294 0.05444250871080139
12 0.7395833333333334 0.29181184668989546 0.05514705882352941 0.06097560975609756
27 0.7977941176470589 0.31032229965156793 0.049019607843137254 0.09364111498257839
10 0.84375 0.29181184668989546 0.04779411764705882 0.06533101045296168
24 0.8939950980392157 0.3037891986062718 0.04779411764705882 0.09799651567944251
26 0.9411764705882353 0.30596689895470386 0.0392156862745098 0.09364111498257839
10 0.9803921568627451 0.3048780487804878 0.0392156862745098 0.10017421602787456