12 0.07227891156462585 0.38669064748201437 0.07015306122448979 0.21223021582733814
6 0.1434948979591837 0.34172661870503596 0.06164965986394558 0.11510791366906475
18 0.22427721088435373 0.4352517985611511 0.05952380952380952 0.31654676258992803
26 0.31834608843537415 0.4244604316546763 0.07759353741496598 0.31654676258992803
6 0.38849914965986393 0.30935251798561153 0.06058673469387755 0.09352517985611511
20 0.48681972789115646 0.4172661870503597 0.0935374149659864 0.35251798561151076
8 0.6451955782312925 0.329136690647482 0.07865646258503402 0.17625899280575538
15 0.7249149659863946 0.33992805755395683 0.07015306122448979 0.20503597122302158
20 0.8041028911564626 0.38489208633093525 0.07121598639455783 0.30935251798561153
8 0.8763818027210885 0.30755395683453235 0.07334183673469388 0.14028776978417265
21 0.9575892857142857 0.37949640287769787 0.08482142857142858 0.2841726618705036