14 0.03308823529411765 0.39307491289198604 0.03431372549019608 0.08928571428571429
21 0.08517156862745098 0.40069686411149824 0.04044117647058824 0.09581881533101046
31 0.13602941176470587 0.39634146341463417 0.049019607843137254 0.08710801393728224
14 0.23958333333333334 0.3778310104529617 0.03799019607843137 0.08057491289198607
6 0.2855392156862745 0.36912020905923343 0.029411764705882353 0.04573170731707317
8 0.3480392156862745 0.3702090592334495 0.04411764705882353 0.05226480836236934
10 0.4019607843137255 0.3865418118466899 0.04656862745098039 0.08493031358885017
7 0.49142156862745096 0.38980836236933797 0.03431372549019608 0.0740418118466899
27 0.5471813725490197 0.4094076655052265 0.06004901960784314 0.1132404181184669
10 0.6017156862745098 0.3952526132404181 0.0392156862745098 0.07186411149825785
20 0.6458333333333334 0.4104965156794425 0.041666666666666664 0.09364111498257839
8 0.7365196078431373 0.38218641114982577 0.0392156862745098 0.05879790940766551
18 0.7806372549019608 0.4094076655052265 0.03676470588235294 0.10017421602787456
15 0.8357843137254902 0.4017857142857143 0.03431372549019608 0.06315331010452961
19 0.8786764705882353 0.4115853658536585 0.04656862745098039 0.10017421602787456
6 0.914828431372549 0.38436411149825783 0.023284313725490197 0.03266550522648084