18 0.06311274509803921 0.35823170731707316 0.03799019607843137 0.12412891986062717
6 0.14705882352941177 0.32229965156794427 0.041666666666666664 0.04790940766550523
12 0.24693627450980393 0.3233885017421603 0.05514705882352941 0.06750871080139373
18 0.29473039215686275 0.3451655052264808 0.03799019607843137 0.11541811846689895
21 0.3584558823529412 0.3353658536585366 0.04779411764705882 0.10888501742160278
24 0.4172794117647059 0.3397212543554007 0.05514705882352941 0.1132404181184669
10 0.5306372549019608 0.31794425087108014 0.061274509803921566 0.09581881533101046
25 0.5833333333333334 0.3233885017421603 0.041666666666666664 0.09799651567944251
24 0.6905637254901961 0.3125 0.05759803921568627 0.11541811846689895
21 0.7450980392156863 0.3125 0.049019607843137254 0.11977351916376307
16 0.803921568627451 0.2863675958188153 0.04656862745098039 0.08057491289198607
6 0.8419117647058824 0.2624128919860627 0.029411764705882353 0.05008710801393728