18 0.18736274509803924 0.3141468253968254 0.03485947712418303 0.3373015873015873
6 0.22276797385620914 0.23478174603174604 0.04030392156862743 0.2050198412698413
18 0.30283333333333334 0.3439087301587302 0.026143790849673203 0.34390873015873014
27 0.3442254901960784 0.3207738095238095 0.043571895424836575 0.3240674603174603
20 0.38834313725490194 0.30753968253968256 0.04030392156862743 0.3108531746031745
6 0.4204803921568628 0.23809523809523808 0.023964052287581677 0.1851785714285714
18 0.49455228758169933 0.2976190476190476 0.032679738562091505 0.35714285714285715
18 0.5397614379084967 0.32406746031746037 0.03159150326797388 0.34390873015873014
10 0.5822450980392158 0.2943055555555556 0.033767973856209124 0.24470238095238092
20 0.6214607843137255 0.3108531746031746 0.033767973856209124 0.31746031746031744
6 0.6535947712418301 0.21825396825396826 0.032679738562091505 0.15873015873015872
7 0.730937908496732 0.25793650793650796 0.026143790849673203 0.23809523809523808
24 0.7739640522875817 0.30753968253968256 0.03594771241830065 0.3373015873015873
15 0.8131797385620915 0.2777777777777778 0.03594771241830065 0.2777777777777778
18 0.8491274509803921 0.30753968253968256 0.03159150326797388 0.35053571428571423
18 0.8839869281045751 0.30093253968253963 0.03594771241830065 0.36374999999999996
6 0.923202614379085 0.2513293650793651 0.042483660130718956 0.2777777777777778