19 0.18221603927986904 0.31979704797047975 0.03927986906710311 0.3075092250922509
10 0.22367594108019642 0.2859778597785978 0.03491653027823243 0.23985239852398524
13 0.30332896890343697 0.26752767527675275 0.03491653027823243 0.17835793357933583
27 0.3442454991816694 0.3105719557195572 0.03164320785597384 0.2644464944649446
25 0.381342062193126 0.3105719557195572 0.03818985270049102 0.2644464944649446
26 0.42116857610474634 0.3075092250922509 0.03927986906710311 0.2706088560885609
6 0.4571751227495909 0.22754612546125458 0.03491653027823243 0.11070110701107008
10 0.5340981996726678 0.3013468634686347 0.022913256955810146 0.2706088560885609
10 0.5815613747954174 0.25830258302583026 0.03491653027823243 0.19680811808118084
10 0.618657937806874 0.2552214022140222 0.03054991816693942 0.2029520295202952
24 0.6563011456628478 0.2859778597785978 0.03818985270049102 0.2890590405904058
18 0.7315875613747954 0.3013468634686347 0.029459901800327332 0.3197970479704797
15 0.7735941080196399 0.26752767527675275 0.04582651391162029 0.2521586715867158
7 0.8096006546644844 0.24599630996309965 0.02618657937806874 0.22140221402214022
24 0.851063829787234 0.2798339483394834 0.04364320785597379 0.2767527675276753
21 0.8930703764320785 0.2859778597785978 0.03818985270049102 0.31365313653136534
25 0.9328968903436988 0.2798339483394834 0.041463175122749614 0.325959409594096