10 0.3076923076923077 0.2154025423728814 0.038745299145299124 0.3601694915254237
25 0.347008547008547 0.21540254237288137 0.039887179487179514 0.3460381355932204
26 0.3903145299145299 0.20480932203389834 0.04672478632478635 0.3813559322033898
27 0.4353264957264957 0.21891949152542373 0.043305982905982934 0.4095974576271187
9 0.47863247863247865 0.21891949152542373 0.043305982905982934 0.3672245762711865
15 0.5225059829059829 0.20832627118644065 0.039887179487179514 0.4025423728813559
6 0.5584034188034188 0.20832627118644068 0.029630769230769256 0.3743008474576271
10 0.6923076923076923 0.211864406779661 0.037606837606837605 0.40959745762711874
18 0.7293435897435897 0.2330508474576271 0.038745299145299124 0.45197033898305095
18 0.8170940170940171 0.24718220338983055 0.03418803418803419 0.3813559322033898
15 0.8592581196581196 0.2189194915254237 0.03646837606837609 0.3389830508474576
7 0.8968649572649572 0.20127118644067796 0.03190769230769228 0.30366525423728824
24 0.942451282051282 0.24364406779661016 0.04786324786324787 0.37430084745762704
21 0.9834769230769231 0.24010593220338983 0.029630769230769256 0.353114406779661