8 0.2559901960784314 0.2278177458033573 0.04139542483660133 0.3117505995203837
6 0.29248366013071897 0.21983213429256596 0.03159150326797388 0.29575539568345327
25 0.3322450980392157 0.3117505995203837 0.03921568627450984 0.3676978417266188
15 0.3741830065359477 0.2797841726618705 0.042483660130718956 0.3037649880095923
10 0.4477124183006536 0.28776978417266186 0.03485947712418303 0.38369304556354916
25 0.48366013071895425 0.28776978417266186 0.03485947712418303 0.41565947242206247
25 0.5904150326797386 0.2957553956834532 0.0457516339869281 0.41565947242206236
10 0.6318071895424836 0.28776978417266186 0.03485947712418303 0.4316546762589928
22 0.6704803921568627 0.2997601918465228 0.03812745098039218 0.407673860911271
26 0.7086045751633987 0.29177458033573145 0.03812745098039218 0.407673860911271
15 0.7472777777777778 0.2957553956834532 0.03703594771241828 0.3996882494004796
10 0.7859477124183006 0.2957553956834532 0.03812745098039218 0.4476498800959232
19 0.8229836601307189 0.28776978417266186 0.04030392156862743 0.4636211031175061
7 0.8621993464052288 0.28776978417266186 0.033767973856209124 0.47961630695443647
24 0.9014150326797385 0.28776978417266186 0.03812745098039218 0.5115827338129497
10 0.9422647058823529 0.2917745803357314 0.04139542483660133 0.47163069544364505