28 0.43300653594771243 0.4484538152610442 0.04683986928104573 0.3346787148594378
6 0.4684084967320261 0.37483935742971886 0.023964052287581677 0.1740361445783133
19 0.5119836601307189 0.43172690763052207 0.05228758169934641 0.3279718875502009
21 0.5871470588235295 0.4250401606425703 0.043571895424836575 0.3145983935742972
25 0.6350751633986927 0.42168674698795183 0.05010784313725488 0.321285140562249
6 0.7069705882352941 0.3112449799196787 0.030499999999999975 0.23427710843373498
20 0.7946633986928104 0.35809236947791173 0.03594771241830065 0.34136546184738964
6 0.8240751633986928 0.26773092369477913 0.033767973856209124 0.21419678714859441
9 0.8763627450980392 0.31793172690763055 0.03594771241830065 0.24765060240963852
6 0.9074084967320262 0.24765060240963854 0.023964052287581677 0.18740963855421688
24 0.9547941176470588 0.31793172690763055 0.03812745098039218 0.3681325301204819