18 0.049019607843137254 0.4782608695652174 0.04357189542483662 0.28405217391304355
6 0.08986928104575163 0.371008695652174 0.03594771241830065 0.17391304347826092
10 0.18082679738562094 0.39420869565217387 0.032679738562091505 0.22029565217391306
25 0.21840849673202617 0.41739130434782606 0.03159150326797388 0.26666086956521745
8 0.2587156862745098 0.3507304347826087 0.03594771241830065 0.14492173913043477
27 0.3022875816993464 0.4029043478260869 0.04030392156862743 0.28405217391304344
10 0.34259150326797383 0.3623130434782609 0.03812745098039218 0.202904347826087
18 0.3769052287581699 0.4 0.026143790849673203 0.30144347826086965
6 0.41938888888888887 0.30725217391304344 0.04139542483660133 0.1391304347826087
10 0.5130718954248366 0.30434782608695654 0.043571895424836575 0.27246956521739124
25 0.554467320261438 0.32464347826086953 0.0392156862745098 0.33622608695652173
9 0.6350751633986927 0.30434782608695654 0.03485947712418303 0.2956521739130435
15 0.6737483660130719 0.27535652173913044 0.04030392156862743 0.23768695652173916
28 0.7173202614379085 0.3130434782608696 0.042483660130718956 0.3130434782608696
10 0.7598039215686274 0.25217391304347825 0.04030392156862743 0.22608695652173913
24 0.8017418300653595 0.28116521739130435 0.04139542483660133 0.3072521739130435
26 0.8442254901960784 0.27535652173913044 0.043571895424836575 0.31883478260869563
15 0.8845326797385621 0.24638260869565215 0.03703594771241828 0.33043478260869563
9 0.9253823529411765 0.197095652173913 0.04466339869281048 0.24347826086956523
6 0.9624183006535948 0.1681217391304348 0.03594771241830065 0.19709565217391306