10 0.023205708318830492 0.2981029810298103 0.030167072746258263 0.3613279132791329
18 0.05453184824225548 0.31617886178861787 0.027845457709711103 0.39747967479674795
25 0.14212669683257917 0.3477777777777778 0.047570483814827695 0.3884281842818428
15 0.1891159067177167 0.31617886178861787 0.03944657152801949 0.30712737127371276
18 0.22334493560737903 0.3568292682926829 0.026686390532544405 0.3884281842818428
10 0.2668534632788026 0.33422764227642277 0.044089801601113844 0.30712737127371276
20 0.31210233205708315 0.37487804878048786 0.03944657152801947 0.3884281842818428
8 0.3492272885485555 0.3477777777777778 0.03712843717368603 0.370379403794038
15 0.38809606682909853 0.3568292682926829 0.03828750435085277 0.3523035230352303
21 0.4263835711799513 0.39295392953929537 0.042927253741733354 0.38842818428184295
10 0.5447267664462234 0.4110298102981029 0.029004524886877804 0.3523035230352303
25 0.5812739296902193 0.45168021680216797 0.03944657152801947 0.397479674796748
22 0.6885938043856595 0.496829268292683 0.03364775495997218 0.4155284552845528
24 0.7263035154890358 0.523929539295393 0.03016707274625829 0.3613279132791328
21 0.7622694048033415 0.537479674796748 0.03248520710059169 0.370379403794038
12 0.7988165680473372 0.537479674796748 0.03364775495997218 0.370379403794038
27 0.8342046641141664 0.5374796747967481 0.03016707274625829 0.4065040650406505
20 0.8719108945353289 0.5645799457994581 0.03828750435085277 0.35230352303523044
9 0.909039331709015 0.5420054200542005 0.029004524886877804 0.3252032520325203
21 0.9392029237730595 0.5691056910569106 0.03132613992342499 0.3432791327913279