23 0.1380718954248366 0.34440842787682335 0.04411764705882353 0.2188006482982172
27 0.1809640522875817 0.34440842787682335 0.03349673202614379 0.24311183144246354
15 0.22181372549019607 0.3119935170178282 0.03839869281045752 0.22690437601296595
10 0.26552287581699346 0.3241491085899514 0.0392156862745098 0.2188006482982172
24 0.306781045751634 0.3525121555915721 0.031862745098039214 0.26742301458670986
21 0.35130718954248363 0.3646677471636953 0.042483660130718956 0.2917341977309562
28 0.43300653594771243 0.3525121555915721 0.0457516339869281 0.25121555915721233
15 0.4742647058823529 0.33225283630470015 0.031862745098039214 0.23500810372771475
6 0.5098039215686274 0.2917341977309562 0.03431372549019608 0.1539708265802269
16 0.5551470588235294 0.32820097244732577 0.041666666666666664 0.25121555915721233
6 0.5923202614379085 0.28363047001620745 0.03104575163398693 0.19448946515397084
24 0.6376633986928104 0.35453808752025934 0.03839869281045752 0.2633711507293355
6 0.7160947712418301 0.2917341977309562 0.03676470588235294 0.1539708265802269
22 0.8002450980392157 0.3585899513776337 0.04330065359477124 0.28768233387358183
6 0.8386437908496732 0.28970826580226905 0.035130718954248366 0.13371150729335493
24 0.8790849673202614 0.3666936790923825 0.032679738562091505 0.28768233387358183
15 0.9170751633986928 0.33630470016207453 0.035130718954248366 0.2188006482982172
25 0.951797385620915 0.3565640194489465 0.03594771241830065 0.2593192868719611