10 0.08541719610334604 0.181058495821727 0.043765353663701816 0.26927576601671316
18 0.12635747564591274 0.2460445682451253 0.024002541296060973 0.4178272980501393
22 0.2258915713680644 0.2646239554317549 0.045180008470986875 0.4364066852367687
10 0.2760144006776789 0.2599721448467966 0.04094451503600172 0.33426183844011137
24 0.32330792037272343 0.30175487465181056 0.039529860228716615 0.3992479108635098
24 0.3713130029648454 0.3156824512534819 0.042354934349851756 0.40855153203342615
21 0.421431596781025 0.3435376044568245 0.046590427784836935 0.37139275766016716
18 0.5033163913595934 0.3806963788300835 0.02964845404489623 0.4085515320334262
6 0.556260059296908 0.29713091922005574 0.042354934349851756 0.222841225626741
9 0.6085006353240153 0.3435376044568245 0.042354934349851756 0.37139275766016716
24 0.6515586615840745 0.42247910863509747 0.03811944091486658 0.4549582172701949
6 0.6967386700550614 0.3156824512534819 0.04094451503600172 0.24142061281337043
19 0.7906268530283779 0.4735376044568245 0.05082592121982211 0.38997214484679665
27 0.8329817873782296 0.4735376044568245 0.039529860228716615 0.4085515320334261
8 0.878864887759424 0.3946239554317548 0.049415501905972076 0.28782729805013924
14 0.9226302414231258 0.4178272980501393 0.03529436679373144 0.37139275766016727
21 0.96569250317662 0.4596100278551532 0.0451800084709869 0.4549582172701951