18 0.0947867298578199 0.38936681222707425 0.033852403520649964 0.3566157205240174
6 0.13145903859174002 0.29111353711790394 0.0394955991875423 0.17467248908296942
22 0.22286052809749493 0.36026200873362446 0.04175016926201758 0.32751091703056767
10 0.2651760324983074 0.3420742358078602 0.042880839539607335 0.24744541484716154
18 0.30749153689911984 0.38209606986899564 0.025954637779282353 0.31294759825327517
15 0.35037237643872715 0.35299126637554584 0.03949559918754234 0.2838427947598253
8 0.3943805010155721 0.32751091703056767 0.03949559918754234 0.2329039301310044
27 0.43387610020311446 0.3857423580786026 0.037237643872714964 0.33478165938864624
18 0.4660358835477319 0.3784497816593887 0.020311442112389978 0.34934497816593885
6 0.5032735274204468 0.29475982532751094 0.03611035883547734 0.22561135371179036
10 0.6336052809749493 0.36026200873362446 0.03272511848341235 0.2838427947598253
25 0.671404874746107 0.3930131004366812 0.040622884224779957 0.34934497816593885
7 0.7836831415030467 0.3566157205240175 0.023696682464454975 0.3202401746724891
27 0.826563981042654 0.38209606986899564 0.04852064996614757 0.3566157205240176
10 0.867186865267434 0.374825327510917 0.03272511848341235 0.31294759825327506
20 0.8993466486120515 0.3784497816593887 0.031594448205822585 0.34934497816593885
6 0.9320683818551116 0.3129475982532751 0.038364928909952585 0.2037772925764192