18 0.062472357363998234 0.2347417840375587 0.04091110128261831 0.352112676056338
6 0.10835913312693499 0.13791079812206572 0.048651039363113664 0.1467136150234742
19 0.21063688633348077 0.267018779342723 0.0475453339230429 0.31103286384976525
27 0.26149933657673596 0.28169014084507044 0.05196815568332596 0.3403755868544601
25 0.3101503759398496 0.27875586854460094 0.04533392304290137 0.34624413145539906
15 0.35548429898275097 0.2699530516431925 0.04533392304290137 0.3286384976525822
8 0.39750110570544006 0.2640845070422535 0.04091110128261831 0.31690140845070425
6 0.43951791242812915 0.2640845070422535 0.03869969040247678 0.2934272300469484
25 0.5467713401149934 0.3609154929577465 0.0475453339230429 0.34624413145539906
27 0.5976337903582486 0.3785211267605634 0.0475453339230429 0.3227699530516432
10 0.6413091552410438 0.36678403755868544 0.03759398496240601 0.2992957746478873
20 0.6860902255639098 0.37265258215962443 0.0475453339230429 0.31103286384976525
6 0.7247899159663865 0.30809859154929575 0.029854046881910658 0.18192488262910797
7 0.8182220256523662 0.36384976525821594 0.03538257408226449 0.3051643192488263
15 0.8679787704555506 0.3814553990610329 0.0508624502432552 0.3051643192488263
10 0.9160769570986289 0.40492957746478875 0.03648827952233525 0.3051643192488263
20 0.9591994692613888 0.4166666666666667 0.04312251216275984 0.3286384976525822