10 0.20490657698056802 0.34372403560830855 0.04359865470852019 0.22255192878338276
18 0.24601270553064278 0.36350148367952523 0.033632286995515695 0.2818991097922849
25 0.34379671150971597 0.3610237388724036 0.05729820627802688 0.3066320474777448
21 0.3992264573991031 0.35360534124629084 0.04359865470852021 0.2818991097922849
18 0.4397122571001495 0.3461869436201781 0.039861733931240685 0.2967359050445104
7 0.5468348281016442 0.30909495548961424 0.04733557548579973 0.26212166172106827
24 0.6035127055306427 0.3288872403560831 0.05605381165919283 0.29179525222551933
15 0.6583221225710015 0.30167655786350156 0.04857997010463378 0.23738872403560835
18 0.7056539611360239 0.34124629080118696 0.031139760837070228 0.29673590504451036
18 0.7554820627802691 0.3288872403560831 0.03861360239162927 0.27200296735905044
6 0.8071748878923767 0.24232937685459943 0.052316890881913304 0.14836795252225518