25 0.09912745098039215 0.28127760252365935 0.0457516339869281 0.2996845425867508
6 0.13670915032679737 0.22082018927444794 0.029411764705882353 0.15772870662460567
23 0.18572875816993464 0.2865457413249211 0.04466339869281046 0.2786593059936909
27 0.22712418300653595 0.2865457413249211 0.04466339869281048 0.2786593059936909
10 0.27069607843137256 0.27339116719242906 0.03812745098039218 0.25236593059936907
1 0.4444444444444444 0.31809148264984227 0.13725490196078433 0.2786593059936909
10 0.6018529411764706 0.2996845425867508 0.04030392156862743 0.27339116719242906
20 0.6454248366013072 0.3443690851735016 0.04466339869281048 0.24711356466876974
15 0.7668856209150327 0.3470031545741325 0.0392156862745098 0.1892744479495268
20 0.8050098039215686 0.3785488958990536 0.03485947712418303 0.25236593059936907
13 0.8453169934640523 0.35225552050473186 0.03485947712418303 0.17875394321766558
18 0.8763627450980392 0.38118296529968454 0.029411764705882353 0.24711356466876974
10 0.9242908496732026 0.35752365930599367 0.042483660130718956 0.23134069400630916
25 0.965140522875817 0.4048422712933754 0.03703594771241828 0.26288643533123024