10 0.14524562584118442 0.26550200803212853 0.0572005383580081 0.2632797858099063
18 0.20356662180349933 0.31459170013386883 0.0370121130551817 0.32574297188755025
8 0.33367092866756387 0.2498929049531459 0.05944481830417226 0.2588085676037483
21 0.3992833109017497 0.3056626506024097 0.05608008075370124 0.3346720214190094
8 0.45872476446837146 0.24096385542168675 0.06056527590847914 0.1695716198125837
14 0.5215343203230148 0.2632797858099063 0.047106325706594884 0.24989290495314595
10 0.5837819650067295 0.2677376171352075 0.05720053835800808 0.2677376171352075
8 0.7105215343203231 0.24096385542168675 0.06168573351278598 0.23203480589022762
21 0.7772543741588156 0.31682730923694774 0.05159152086137279 0.34805890227576974
24 0.8355753701211305 0.33243641231593046 0.058320995962314916 0.3346720214190094
24 0.9011877523553162 0.3168273092369478 0.05720053835800808 0.33021419009370817
10 0.9617530282637954 0.29451137884872824 0.05720053835800808 0.3123560910307899