8 0.052842190016103054 0.19386075949367085 0.0392512077294686 0.2610759493670886
21 0.09359903381642512 0.2927215189873418 0.036231884057971016 0.4588607594936709
20 0.13687600644122383 0.3125316455696202 0.038244766505636074 0.4034810126582278
26 0.18066022544283414 0.31645569620253167 0.04327697262479871 0.4272151898734177
10 0.2214170692431562 0.3283544303797468 0.038244766505636074 0.4509493670886076
25 0.2672141706924316 0.35208860759493665 0.04126409017713366 0.4825949367088608
26 0.31250402576489533 0.36 0.03723832528180354 0.4509493670886076
6 0.3603059581320451 0.24525316455696203 0.046296296296296294 0.23734177215189872
18 0.48158615136876004 0.3876582278481013 0.02717391304347826 0.49050632911392406
6 0.5309017713365539 0.2689873417721519 0.051328502415458936 0.17405063291139242
18 0.663244766505636 0.4430379746835443 0.0322061191626409 0.5063291139240507
18 0.7080354267310789 0.4509493670886076 0.031199677938808373 0.4430379746835443
6 0.7558373590982287 0.3441772151898734 0.036231884057971016 0.2136075949367088
19 0.8071658615136876 0.4588607594936709 0.042270531400966184 0.47468354430379744
6 0.8459178743961353 0.3322784810126582 0.02918679549114332 0.30063291139240506
9 0.9017713365539453 0.415379746835443 0.046296296296296294 0.40348101265822783
6 0.938510466988728 0.3322784810126582 0.03321256038647343 0.22151898734177214