10 0.0825 0.32 0.05 0.18285714285714286
18 0.128125 0.33714285714285713 0.04125 0.22476190476190477
13 0.31 0.31238095238095237 0.06 0.1676190476190476
6 0.35375 0.2857142857142857 0.03 0.1219047619047619
26 0.419375 0.3523809523809524 0.04625 0.24
21 0.478125 0.35619047619047617 0.04875 0.24761904761904763
9 0.65 0.3314285714285714 0.045 0.19047619047619047
27 0.704375 0.3580952380952381 0.04375 0.2057142857142857
10 0.7575 0.34285714285714286 0.045 0.1523809523809524
24 0.81625 0.38476190476190475 0.0475 0.2057142857142857
19 0.875625 0.3904761904761905 0.06125 0.22476190476190477
10 0.939375 0.379047619047619 0.05375 0.20952380952380953