8 0.047235772357723575 0.32745283018867927 0.029430894308943086 0.18948113207547168
21 0.08059959349593496 0.33999999999999997 0.02908536585365854 0.21462264150943397
19 0.10939024390243902 0.33372641509433965 0.029745934959349605 0.2020283018867924
21 0.14139227642276422 0.3352830188679245 0.030752032520325195 0.20518867924528303
10 0.23877032520325203 0.2920754716981132 0.028343495934959335 0.22245283018867923
25 0.2699288617886179 0.3022641509433962 0.029684959349593504 0.23349056603773585
26 0.30277439024390246 0.3022641509433962 0.030355691056910574 0.23349056603773585
6 0.32953252032520325 0.25349056603773584 0.02696138211382111 0.1736792452830189
25 0.36848577235772356 0.2936320754716981 0.035752032520325154 0.26334905660377356
10 0.4656910569105691 0.2818396226415094 0.03503048780487808 0.23033018867924523
18 0.49108739837398374 0.27712264150943394 0.028932926829268322 0.23976415094339618
9 0.5979471544715447 0.22127358490566035 0.033292682926829256 0.21297169811320757
15 0.6319817073170731 0.21971698113207547 0.02616869918699187 0.17207547169811316
6 0.6595934959349593 0.20948113207547167 0.026493902439024327 0.1610849056603774
9 0.7661585365853658 0.1859433962264151 0.034349593495934916 0.2271698113207547
10 0.8047662601626017 0.1945754716981132 0.042459349593495906 0.21617924528301882
7 0.8984146341463414 0.16783018867924526 0.028536585365853583 0.25707547169811323
21 0.9385467479674796 0.19141509433962264 0.041737804878048713 0.2665094339622642
31 0.9761483739837398 0.1945754716981132 0.031565040650406447 0.2350471698113207
18 0.019298780487804878 0.8449528301886792 0.026392276422764226 0.26221698113207564
18 0.04672764227642276 0.8331603773584906 0.02841463414634146 0.2669339622641511
10 0.08314024390243903 0.8323584905660377 0.03009146341463416 0.25589622641509435
13 0.11649390243902438 0.8244811320754717 0.0256808943089431 0.2401886792452831
21 0.14934959349593496 0.8347169811320755 0.030406504065040668 0.2511792452830189
10 0.24079268292682926 0.7930188679245284 0.026310975609756083 0.2149999999999999
20 0.275 0.8087735849056604 0.029684959349593504 0.20872641509433962
27 0.3666158536585366 0.8071698113207547 0.03202235772357723 0.22443396226415085
20 0.4033638211382114 0.7914622641509433 0.02625000000000004 0.24957547169811334
6 0.42808943089430895 0.7725943396226415 0.018790650406504076 0.23070754716981143
14 0.5313922764227642 0.777311320754717 0.0343292682926829 0.2590094339622643
21 0.5635670731707316 0.8000943396226415 0.029573170731707225 0.2385849056603773
24 0.5965955284552845 0.7891037735849056 0.0326117886178861 0.2354245283018869
6 0.6263922764227642 0.7812264150943397 0.023119918699186993 0.25745283018867915