28 0.035659928656361466 0.58225 0.032401902497027346 0.19785000000000003
15 0.07222354340071345 0.5671 0.03418549346016648 0.14929999999999993
10 0.10644470868014268 0.57845 0.03344827586206896 0.18115000000000003
24 0.1376099881093936 0.57465 0.03307966706302022 0.21905000000000002
20 0.17344827586206898 0.57845 0.03342449464922713 0.21754999999999997
10 0.20533888228299643 0.57695 0.025850178359096324 0.23269999999999996
25 0.23847800237812128 0.5792 0.03592152199762185 0.22814999999999996
9 0.503269916765755 0.56255 0.02934601664684893 0.15839999999999996
10 0.536230677764566 0.57695 0.036896551724137895 0.17809999999999995
16 0.6343995243757431 0.57165 0.03217598097502966 0.19480000000000003
27 0.6650178359096314 0.60345 0.03288941736028547 0.2403
18 0.6914982164090369 0.58905 0.02746730083234234 0.22055000000000008
15 0.7269797859690844 0.57845 0.03141498216409046 0.18115000000000003
21 0.7628299643281807 0.5814999999999999 0.02744351961950051 0.18719999999999992
9 0.863923900118906 0.53905 0.024244946492271224 0.18420000000000003
10 0.8948989298454222 0.55345 0.025671819262782305 0.1675
18 0.9212009512485136 0.5792499999999999 0.026385255648038116 0.21905000000000002